interp_fvrvxx: [[[ 0.00000000e+00  0.00000000e+00  2.71588966e+13 ...  2.36552491e+13
    2.36687650e+13  4.40202787e+13]
  [ 0.00000000e+00  0.00000000e+00  0.00000000e+00 ...  1.29431071e+12
    1.35850967e+12  2.26328950e+13]
  [ 0.00000000e+00  0.00000000e+00  0.00000000e+00 ...  1.07838198e+12
    1.14868917e+12  2.27091841e+13]
  ...
  [ 0.00000000e+00  0.00000000e+00  0.00000000e+00 ...  0.00000000e+00
    0.00000000e+00  0.00000000e+00]
  [ 0.00000000e+00  0.00000000e+00  0.00000000e+00 ...  0.00000000e+00
    0.00000000e+00  0.00000000e+00]
  [ 0.00000000e+00  0.00000000e+00  0.00000000e+00 ...  0.00000000e+00
    0.00000000e+00  0.00000000e+00]]

 [[ 0.00000000e+00  0.00000000e+00  3.02798773e+13 ...  2.62372720e+13
    2.62284422e+13  4.89388542e+13]
  [ 0.00000000e+00  0.00000000e+00  0.00000000e+00 ...  1.33791622e+12
    1.40013371e+12  2.51949003e+13]
  [ 0.00000000e+00  0.00000000e+00  0.00000000e+00 ...  1.14075702e+12
    1.21041402e+12  2.54158510e+13]
  ...
  [ 0.00000000e+00  0.00000000e+00  0.00000000e+00 ...  0.00000000e+00
    0.00000000e+00  0.00000000e+00]
  [ 0.00000000e+00  0.00000000e+00  0.00000000e+00 ...  0.00000000e+00
    0.00000000e+00  0.00000000e+00]
  [ 0.00000000e+00  0.00000000e+00  0.00000000e+00 ...  0.00000000e+00
    0.00000000e+00  0.00000000e+00]]

 [[ 0.00000000e+00 -1.23919418e+12  1.05869246e+13 ...  9.99466255e+12
    1.00341083e+13  1.90585184e+13]
  [ 0.00000000e+00 -1.27120225e+12  1.37209050e+12 ...  1.29950314e+12
    1.34181436e+12  1.05680593e+13]
  [ 0.00000000e+00 -1.27120225e+12  1.13305080e+12 ...  1.13623976e+12
    1.17855098e+12  1.04075628e+13]
  ...
  [ 0.00000000e+00  0.00000000e+00  0.00000000e+00 ...  0.00000000e+00
    0.00000000e+00  0.00000000e+00]
  [ 0.00000000e+00  0.00000000e+00  0.00000000e+00 ...  0.00000000e+00
    0.00000000e+00  0.00000000e+00]
  [ 0.00000000e+00  0.00000000e+00  0.00000000e+00 ...  0.00000000e+00
    0.00000000e+00  0.00000000e+00]]

 ...

 [[ 0.00000000e+00 -1.01771864e+13  8.54312623e+13 ...  1.85377658e+14
   -2.19130488e+14  4.87924899e+14]
  [ 0.00000000e+00  0.00000000e+00 -8.13966337e+13 ... -8.67479076e+13
   -9.67827726e+13 -2.38674315e+14]
  [ 0.00000000e+00  0.00000000e+00 -3.47619445e+12 ...  9.42155547e+13
   -7.32344183e+13  1.86699994e+14]
  ...
  [ 0.00000000e+00  0.00000000e+00  0.00000000e+00 ...  1.55463946e+13
   -1.69485944e+13  2.55148356e+13]
  [ 0.00000000e+00  0.00000000e+00  0.00000000e+00 ... -1.69281194e+13
   -8.06343882e+12 -2.99839765e+13]
  [ 0.00000000e+00  0.00000000e+00  0.00000000e+00 ...  2.87382857e+13
   -3.42907016e+13  7.31991788e+13]]

 [[ 0.00000000e+00 -1.17269516e+13  9.68807621e+13 ...  2.12445190e+14
   -2.54797249e+14  5.60429246e+14]
  [ 0.00000000e+00  0.00000000e+00 -9.36379907e+13 ... -9.60672660e+13
   -1.13745009e+14 -2.75936026e+14]
  [ 0.00000000e+00  0.00000000e+00 -3.89430624e+12 ...  1.06908556e+14
   -8.39986462e+13  2.13700738e+14]
  ...
  [ 0.00000000e+00  0.00000000e+00  0.00000000e+00 ...  2.05366329e+13
   -2.21524143e+13  3.30162160e+13]
  [ 0.00000000e+00  0.00000000e+00  0.00000000e+00 ... -2.20837395e+13
   -1.09568494e+13 -3.93447527e+13]
  [ 0.00000000e+00  0.00000000e+00  0.00000000e+00 ...  3.71340083e+13
   -4.48235153e+13  9.49365750e+13]]

 [[ 0.00000000e+00 -1.33705525e+13  1.09052487e+14 ...  2.41356512e+14
   -2.92632698e+14  6.37470610e+14]
  [ 0.00000000e+00  0.00000000e+00 -1.06628445e+14 ... -1.13275783e+14
   -1.28344463e+14 -3.15522564e+14]
  [ 0.00000000e+00  0.00000000e+00 -4.27679005e+12 ...  1.23718171e+14
   -9.68766161e+13  2.42556969e+14]
  ...
  [ 0.00000000e+00  0.00000000e+00  0.00000000e+00 ...  2.60078008e+13
   -2.82130794e+13  4.18362166e+13]
  [ 0.00000000e+00  0.00000000e+00  0.00000000e+00 ... -2.80774648e+13
   -1.40361866e+13 -5.03862702e+13]
  [ 0.00000000e+00  0.00000000e+00  0.00000000e+00 ...  4.69809552e+13
   -5.72342942e+13  1.20441690e+14]]] (14, 80, 40)
