  3.6851395852863789E-03 
  3.6695715971291065E-03 
  3.6384521517902613E-03 
  3.6073410883545876E-03 
  3.5762302577495575E-03 
  3.5451191943138838E-03 
  3.5139913670718670E-03 
  3.4828886855393648E-03 
  3.4517694730311632E-03 
  3.4206667914986610E-03 
  3.3895389642566442E-03 
  3.3584281336516142E-03 
  3.3273170702159405E-03 
  3.2961976248770952E-03 
  3.2650865614414215E-03 
  3.2339757308363914E-03 
  3.2028562854975462E-03 
  3.1717410311102867E-03 
  3.1406299676746130E-03 
  3.1095149461179972E-03 
  3.0783996917307377E-03 
  3.0472886282950640E-03 
  3.0161691829562187E-03 
  2.9850583523511887E-03 
  2.9539430979639292E-03 
  2.9228278435766697E-03 
  2.8917167801409960E-03 
  2.8605996631085873E-03 
  2.8294844087213278E-03 
  2.7983733452856541E-03 
  2.7672580908983946E-03 
  2.7361430693417788E-03 
  2.7050278149545193E-03 
  2.6739167515188456E-03 
  2.6428005658090115E-03 
  2.6116864755749702E-03 
  2.5805721525102854E-03 
  2.5494580622762442E-03 
  2.5183435063809156E-03 
  3.7230653688311577E-03 
  3.7230653688311577E-03 
  2.5183435063809156E-03 
  2.5494580622762442E-03 
  2.5805721525102854E-03 
  2.6116864755749702E-03 
  2.6428005658090115E-03 
  2.6739167515188456E-03 
  2.7050278149545193E-03 
  2.7361430693417788E-03 
  2.7672580908983946E-03 
  2.7983733452856541E-03 
  2.8294844087213278E-03 
  2.8605996631085873E-03 
  2.8917167801409960E-03 
  2.9228278435766697E-03 
  2.9539430979639292E-03 
  2.9850583523511887E-03 
  3.0161691829562187E-03 
  3.0472886282950640E-03 
  3.0783996917307377E-03 
  3.1095149461179972E-03 
  3.1406299676746130E-03 
  3.1717410311102867E-03 
  3.2028562854975462E-03 
  3.2339757308363914E-03 
  3.2650865614414215E-03 
  3.2961976248770952E-03 
  3.3273170702159405E-03 
  3.3584281336516142E-03 
  3.3895389642566442E-03 
  3.4206667914986610E-03 
  3.4517694730311632E-03 
  3.4828886855393648E-03 
  3.5139913670718670E-03 
  3.5451191943138838E-03 
  3.5762302577495575E-03 
  3.6073410883545876E-03 
  3.6384521517902613E-03 
  3.6695715971291065E-03 
  3.6851395852863789E-03 
  6.6714780405163765E-03 
  6.6432938911020756E-03 
  6.5869563259184361E-03 
  6.5306336618959904E-03 
  6.4743109978735447E-03 
  6.4179887995123863E-03 
  6.3616358675062656E-03 
  6.3053285703063011E-03 
  6.2489905394613743E-03 
  6.1926832422614098E-03 
  6.1363303102552891E-03 
  6.0800081118941307E-03 
  6.0236854478716850E-03 
  5.9673478826880455E-03 
  5.9110252186655998E-03 
  5.8547025546431541E-03 
  5.7983649894595146E-03 
  5.7420348748564720E-03 
  5.6857122108340263E-03 
  5.6293820962309837E-03 
  5.5730519816279411E-03 
  5.5167293176054955E-03 
  5.4603917524218559E-03 
  5.4040690883994102E-03 
  5.3477389737963676E-03 
  5.2914088591933250E-03 
  5.2350866608321667E-03 
  5.1787528209388256E-03 
  5.1224227063357830E-03 
  5.0661000423133373E-03 
  5.0097699277102947E-03 
  4.9534398131072521E-03 
  4.8971096985042095E-03 
  4.8407870344817638E-03 
  4.7844550572335720E-03 
  4.7281268052756786E-03 
  4.6717985533177853E-03 
  4.6154703013598919E-03 
  4.5591411180794239E-03 
  6.7401374690234661E-03 
  6.7401374690234661E-03 
  4.5591411180794239E-03 
  4.6154703013598919E-03 
  4.6717985533177853E-03 
  4.7281268052756786E-03 
  4.7844550572335720E-03 
  4.8407870344817638E-03 
  4.8971096985042095E-03 
  4.9534398131072521E-03 
  5.0097699277102947E-03 
  5.0661000423133373E-03 
  5.1224227063357830E-03 
  5.1787528209388256E-03 
  5.2350866608321667E-03 
  5.2914088591933250E-03 
  5.3477389737963676E-03 
  5.4040690883994102E-03 
  5.4603917524218559E-03 
  5.5167293176054955E-03 
  5.5730519816279411E-03 
  5.6293820962309837E-03 
  5.6857122108340263E-03 
  5.7420348748564720E-03 
  5.7983649894595146E-03 
  5.8547025546431541E-03 
  5.9110252186655998E-03 
  5.9673478826880455E-03 
  6.0236854478716850E-03 
  6.0800081118941307E-03 
  6.1363303102552891E-03 
  6.1926832422614098E-03 
  6.2489905394613743E-03 
  6.3053285703063011E-03 
  6.3616358675062656E-03 
  6.4179887995123863E-03 
  6.4743109978735447E-03 
  6.5306336618959904E-03 
  6.5869563259184361E-03 
  6.6432938911020756E-03 
  6.6714780405163765E-03 
  1.0188852436840534E-02 
  1.0145808570086956E-02 
  1.0059768334031105E-02 
  9.9737513810396194E-03 
  9.8877344280481339E-03 
  9.8017165437340736E-03 
  9.7156530246138573E-03 
  9.6296593546867371E-03 
  9.5436191186308861E-03 
  9.4576254487037659E-03 
  9.3715609982609749E-03 
  9.2855440452694893E-03 
  9.1995270922780037E-03 
  9.1134868562221527E-03 
  9.0274689719080925E-03 
  8.9414520189166069E-03 
  8.8554117828607559E-03 
  8.7693827226758003E-03 
  8.6833657696843147E-03 
  8.5973367094993591E-03 
  8.5113085806369781E-03 
  8.4252906963229179E-03 
  8.3392504602670670E-03 
  8.2532335072755814E-03 
  8.1672044470906258E-03 
  8.0811753869056702E-03 
  7.9951584339141846E-03 
  7.9091237857937813E-03 
  7.8230956569314003E-03 
  7.7370782382786274E-03 
  7.6510491780936718E-03 
  7.5650205835700035E-03 
  7.4789915233850479E-03 
  7.3929745703935623E-03 
  7.3069427162408829E-03 
  7.2209169156849384E-03 
  7.1348911151289940E-03 
  7.0488648489117622E-03 
  6.9628376513719559E-03 
  1.0293710976839066E-02 
  1.0293710976839066E-02 
  6.9628376513719559E-03 
  7.0488648489117622E-03 
  7.1348911151289940E-03 
  7.2209169156849384E-03 
  7.3069427162408829E-03 
  7.3929745703935623E-03 
  7.4789915233850479E-03 
  7.5650205835700035E-03 
  7.6510491780936718E-03 
  7.7370782382786274E-03 
  7.8230956569314003E-03 
  7.9091237857937813E-03 
  7.9951584339141846E-03 
  8.0811753869056702E-03 
  8.1672044470906258E-03 
  8.2532335072755814E-03 
  8.3392504602670670E-03 
  8.4252906963229179E-03 
  8.5113085806369781E-03 
  8.5973367094993591E-03 
  8.6833657696843147E-03 
  8.7693827226758003E-03 
  8.8554117828607559E-03 
  8.9414520189166069E-03 
  9.0274689719080925E-03 
  9.1134868562221527E-03 
  9.1995270922780037E-03 
  9.2855440452694893E-03 
  9.3715609982609749E-03 
  9.4576254487037659E-03 
  9.5436191186308861E-03 
  9.6296593546867371E-03 
  9.7156530246138573E-03 
  9.8017165437340736E-03 
  9.8877344280481339E-03 
  9.9737513810396194E-03 
  1.0059768334031105E-02 
  1.0145808570086956E-02 
  1.0188852436840534E-02 
  1.3832760043442249E-02 
  1.3774322345852852E-02 
  1.3657511211931705E-02 
  1.3540730811655521E-02 
  1.3423950411379337E-02 
  1.3307170942425728E-02 
  1.3190327212214470E-02 
  1.3073579408228397E-02 
  1.2956767342984676E-02 
  1.2840018607676029E-02 
  1.2723175808787346E-02 
  1.2606395408511162E-02 
  1.2489615008234978E-02 
  1.2372803874313831E-02 
  1.2256023474037647E-02 
  1.2139244005084038E-02 
  1.2022431939840317E-02 
  1.1905635707080364E-02 
  1.1788856238126755E-02 
  1.1672060005366802E-02 
  1.1555264703929424E-02 
  1.1438484303653240E-02 
  1.1321672238409519E-02 
  1.1204892769455910E-02 
  1.1088096536695957E-02 
  1.0971301235258579E-02 
  1.0854520834982395E-02 
  1.0737717151641846E-02 
  1.0620920918881893E-02 
  1.0504141449928284E-02 
  1.0387345217168331E-02 
  1.0270548984408379E-02 
  1.0153753682971001E-02 
  1.0036973282694817E-02 
  9.9201733246445656E-03 
  9.8033817484974861E-03 
  9.6865901723504066E-03 
  9.5697976648807526E-03 
  9.4530042260885239E-03 
  1.3975120149552822E-02 
  1.3975120149552822E-02 
  9.4530042260885239E-03 
  9.5697976648807526E-03 
  9.6865901723504066E-03 
  9.8033817484974861E-03 
  9.9201733246445656E-03 
  1.0036973282694817E-02 
  1.0153753682971001E-02 
  1.0270548984408379E-02 
  1.0387345217168331E-02 
  1.0504141449928284E-02 
  1.0620920918881893E-02 
  1.0737717151641846E-02 
  1.0854520834982395E-02 
  1.0971301235258579E-02 
  1.1088096536695957E-02 
  1.1204892769455910E-02 
  1.1321672238409519E-02 
  1.1438484303653240E-02 
  1.1555264703929424E-02 
  1.1672060005366802E-02 
  1.1788856238126755E-02 
  1.1905635707080364E-02 
  1.2022431939840317E-02 
  1.2139244005084038E-02 
  1.2256023474037647E-02 
  1.2372803874313831E-02 
  1.2489615008234978E-02 
  1.2606395408511162E-02 
  1.2723175808787346E-02 
  1.2840018607676029E-02 
  1.2956767342984676E-02 
  1.3073579408228397E-02 
  1.3190327212214470E-02 
  1.3307170942425728E-02 
  1.3423950411379337E-02 
  1.3540730811655521E-02 
  1.3657511211931705E-02 
  1.3774322345852852E-02 
  1.3832760043442249E-02 
  1.7604745924472809E-02 
  1.7530374228954315E-02 
  1.7381709069013596E-02 
  1.7233084887266159E-02 
  1.7084460705518723E-02 
  1.6935836523771286E-02 
  1.6787132248282433E-02 
  1.6638547182083130E-02 
  1.6489883884787560E-02 
  1.6341298818588257E-02 
  1.6192594543099403E-02 
  1.6043970361351967E-02 
  1.5895346179604530E-02 
  1.5746681019663811E-02 
  1.5598056837916374E-02 
  1.5449432656168938E-02 
  1.5300768427550793E-02 
  1.5152123756706715E-02 
  1.5003499574959278E-02 
  1.4854855835437775E-02 
  1.4706211164593697E-02 
  1.4557586982846260E-02 
  1.4408922754228115E-02 
  1.4260298572480679E-02 
  1.4111653901636600E-02 
  1.3963009230792522E-02 
  1.3814385049045086E-02 
  1.3665731064975262E-02 
  1.3517086394131184E-02 
  1.3368462212383747E-02 
  1.3219818472862244E-02 
  1.3071173802018166E-02 
  1.2922529131174088E-02 
  1.2773904949426651E-02 
  1.2625255621969700E-02 
  1.2476616539061069E-02 
  1.2327977456152439E-02 
  1.2179337441921234E-02 
  1.2030696496367455E-02 
  1.7785925418138504E-02 
  1.7785925418138504E-02 
  1.2030696496367455E-02 
  1.2179337441921234E-02 
  1.2327977456152439E-02 
  1.2476616539061069E-02 
  1.2625255621969700E-02 
  1.2773904949426651E-02 
  1.2922529131174088E-02 
  1.3071173802018166E-02 
  1.3219818472862244E-02 
  1.3368462212383747E-02 
  1.3517086394131184E-02 
  1.3665731064975262E-02 
  1.3814385049045086E-02 
  1.3963009230792522E-02 
  1.4111653901636600E-02 
  1.4260298572480679E-02 
  1.4408922754228115E-02 
  1.4557586982846260E-02 
  1.4706211164593697E-02 
  1.4854855835437775E-02 
  1.5003499574959278E-02 
  1.5152123756706715E-02 
  1.5300768427550793E-02 
  1.5449432656168938E-02 
  1.5598056837916374E-02 
  1.5746681019663811E-02 
  1.5895346179604530E-02 
  1.6043970361351967E-02 
  1.6192594543099403E-02 
  1.6341298818588257E-02 
  1.6489883884787560E-02 
  1.6638547182083130E-02 
  1.6787132248282433E-02 
  1.6935836523771286E-02 
  1.7084460705518723E-02 
  1.7233084887266159E-02 
  1.7381709069013596E-02 
  1.7530374228954315E-02 
  1.7604745924472809E-02 
  2.1506357938051224E-02 
  2.1415503695607185E-02 
  2.1233892068266869E-02 
  2.1052328869700432E-02 
  2.0870765671133995E-02 
  2.0689204335212708E-02 
  2.0507542416453362E-02 
  2.0326029509305954E-02 
  2.0144417881965637E-02 
  1.9962903112173080E-02 
  1.9781243056058884E-02 
  1.9599679857492447E-02 
  1.9418116658926010E-02 
  1.9236505031585693E-02 
  1.9054941833019257E-02 
  1.8873378634452820E-02 
  1.8691767007112503E-02 
  1.8510179594159126E-02 
  1.8328618258237839E-02 
  1.8147030845284462E-02 
  1.7965443432331085E-02 
  1.7783880233764648E-02 
  1.7602268606424332E-02 
  1.7420705407857895E-02 
  1.7239117994904518E-02 
  1.7057530581951141E-02 
  1.6875967383384705E-02 
  1.6694368794560432E-02 
  1.6512781381607056E-02 
  1.6331218183040619E-02 
  1.6149630770087242E-02 
  1.5968043357133865E-02 
  1.5786455944180489E-02 
  1.5604893676936626E-02 
  1.5423300676047802E-02 
  1.5241718851029873E-02 
  1.5060137957334518E-02 
  1.4878557063639164E-02 
  1.4696972444653511E-02 
  2.1727692335844040E-02 
  2.1727692335844040E-02 
  1.4696972444653511E-02 
  1.4878557063639164E-02 
  1.5060137957334518E-02 
  1.5241718851029873E-02 
  1.5423300676047802E-02 
  1.5604893676936626E-02 
  1.5786455944180489E-02 
  1.5968043357133865E-02 
  1.6149630770087242E-02 
  1.6331218183040619E-02 
  1.6512781381607056E-02 
  1.6694368794560432E-02 
  1.6875967383384705E-02 
  1.7057530581951141E-02 
  1.7239117994904518E-02 
  1.7420705407857895E-02 
  1.7602268606424332E-02 
  1.7783880233764648E-02 
  1.7965443432331085E-02 
  1.8147030845284462E-02 
  1.8328618258237839E-02 
  1.8510179594159126E-02 
  1.8691767007112503E-02 
  1.8873378634452820E-02 
  1.9054941833019257E-02 
  1.9236505031585693E-02 
  1.9418116658926010E-02 
  1.9599679857492447E-02 
  1.9781243056058884E-02 
  1.9962903112173080E-02 
  2.0144417881965637E-02 
  2.0326029509305954E-02 
  2.0507542416453362E-02 
  2.0689204335212708E-02 
  2.0870765671133995E-02 
  2.1052328869700432E-02 
  2.1233892068266869E-02 
  2.1415503695607185E-02 
  2.1506357938051224E-02 
  2.5539165362715721E-02 
  2.5431273505091667E-02 
  2.5215607136487961E-02 
  2.4999998509883881E-02 
  2.4784389883279800E-02 
  2.4568781256675720E-02 
  2.4353055283427238E-02 
  2.4137504398822784E-02 
  2.3921838030219078E-02 
  2.3706287145614624E-02 
  2.3490561172366142E-02 
  2.3274952545762062E-02 
  2.3059343919157982E-02 
  2.2843675687909126E-02 
  2.2628067061305046E-02 
  2.2412458434700966E-02 
  2.2196792066097260E-02 
  2.1981153637170792E-02 
  2.1765545010566711E-02 
  2.1549906581640244E-02 
  2.1334268152713776E-02 
  2.1118659526109695E-02 
  2.0902993157505989E-02 
  2.0687384530901909E-02 
  2.0471746101975441E-02 
  2.0256107673048973E-02 
  2.0040499046444893E-02 
  1.9824845716357231E-02 
  1.9609209150075912E-02 
  1.9393598660826683E-02 
  1.9177962094545364E-02 
  1.8962323665618896E-02 
  1.8746685236692429E-02 
  1.8531076610088348E-02 
  1.8315430730581284E-02 
  1.8099799752235413E-02 
  1.7884168773889542E-02 
  1.7668539658188820E-02 
  1.7452904954552650E-02 
  2.5802003219723701E-02 
  2.5802003219723701E-02 
  1.7452904954552650E-02 
  1.7668539658188820E-02 
  1.7884168773889542E-02 
  1.8099799752235413E-02 
  1.8315430730581284E-02 
  1.8531076610088348E-02 
  1.8746685236692429E-02 
  1.8962323665618896E-02 
  1.9177962094545364E-02 
  1.9393598660826683E-02 
  1.9609209150075912E-02 
  1.9824845716357231E-02 
  2.0040499046444893E-02 
  2.0256107673048973E-02 
  2.0471746101975441E-02 
  2.0687384530901909E-02 
  2.0902993157505989E-02 
  2.1118659526109695E-02 
  2.1334268152713776E-02 
  2.1549906581640244E-02 
  2.1765545010566711E-02 
  2.1981153637170792E-02 
  2.2196792066097260E-02 
  2.2412458434700966E-02 
  2.2628067061305046E-02 
  2.2843675687909126E-02 
  2.3059343919157982E-02 
  2.3274952545762062E-02 
  2.3490561172366142E-02 
  2.3706287145614624E-02 
  2.3921838030219078E-02 
  2.4137504398822784E-02 
  2.4353055283427238E-02 
  2.4568781256675720E-02 
  2.4784389883279800E-02 
  2.4999998509883881E-02 
  2.5215607136487961E-02 
  2.5431273505091667E-02 
  2.5539165362715721E-02 
  2.9704617336392403E-02 
  2.9579127207398415E-02 
  2.9328284785151482E-02 
  2.9077509418129921E-02 
  2.8826735913753510E-02 
  2.8575960546731949E-02 
  2.8325051069259644E-02 
  2.8074342757463455E-02 
  2.7823500335216522E-02 
  2.7572793886065483E-02 
  2.7321882545948029E-02 
  2.7071109041571617E-02 
  2.6820333674550056E-02 
  2.6569491252303123E-02 
  2.6318715885281563E-02 
  2.6067942380905151E-02 
  2.5817099958658218E-02 
  2.5566291064023972E-02 
  2.5315515697002411E-02 
  2.5064706802368164E-02 
  2.4813897907733917E-02 
  2.4563122540712357E-02 
  2.4312280118465424E-02 
  2.4061506614089012E-02 
  2.3810697719454765E-02 
  2.3559888824820518E-02 
  2.3309113457798958E-02 
  2.3058287799358368E-02 
  2.2807478904724121E-02 
  2.2556705400347710E-02 
  2.2305896505713463E-02 
  2.2055087611079216E-02 
  2.1804278716444969E-02 
  2.1553503349423409E-02 
  2.1302687004208565E-02 
  2.1051887422800064E-02 
  2.0801085978746414E-02 
  2.0550286397337914E-02 
  2.0299481227993965E-02 
  3.0010322108864784E-02 
  3.0010322108864784E-02 
  2.0299481227993965E-02 
  2.0550286397337914E-02 
  2.0801085978746414E-02 
  2.1051887422800064E-02 
  2.1302687004208565E-02 
  2.1553503349423409E-02 
  2.1804278716444969E-02 
  2.2055087611079216E-02 
  2.2305896505713463E-02 
  2.2556705400347710E-02 
  2.2807478904724121E-02 
  2.3058287799358368E-02 
  2.3309113457798958E-02 
  2.3559888824820518E-02 
  2.3810697719454765E-02 
  2.4061506614089012E-02 
  2.4312280118465424E-02 
  2.4563122540712357E-02 
  2.4813897907733917E-02 
  2.5064706802368164E-02 
  2.5315515697002411E-02 
  2.5566291064023972E-02 
  2.5817099958658218E-02 
  2.6067942380905151E-02 
  2.6318715885281563E-02 
  2.6569491252303123E-02 
  2.6820333674550056E-02 
  2.7071109041571617E-02 
  2.7321882545948029E-02 
  2.7572793886065483E-02 
  2.7823500335216522E-02 
  2.8074342757463455E-02 
  2.8325051069259644E-02 
  2.8575960546731949E-02 
  2.8826735913753510E-02 
  2.9077509418129921E-02 
  2.9328284785151482E-02 
  2.9579127207398415E-02 
  2.9704617336392403E-02 
  3.4004375338554382E-02 
  3.3860724419355392E-02 
  3.3573571592569351E-02 
  3.3286496996879578E-02 
  3.2999422401189804E-02 
  3.2712347805500031E-02 
  3.2425116747617722E-02 
  3.2138120383024216E-02 
  3.1850967556238174E-02 
  3.1563971191644669E-02 
  3.1276740133762360E-02 
  3.0989667400717735E-02 
  3.0702592805027962E-02 
  3.0415439978241920E-02 
  3.0128365382552147E-02 
  2.9841290786862373E-02 
  2.9554139822721481E-02 
  2.9267026111483574E-02 
  2.8979951515793800E-02 
  2.8692837804555893E-02 
  2.8405724093317986E-02 
  2.8118649497628212E-02 
  2.7831496670842171E-02 
  2.7544422075152397E-02 
  2.7257310226559639E-02 
  2.6970196515321732E-02 
  2.6683121919631958E-02 
  2.6395989581942558E-02 
  2.6108875870704651E-02 
  2.5821801275014877E-02 
  2.5534687563776970E-02 
  2.5247573852539062E-02 
  2.4960460141301155E-02 
  2.4673385545611382E-02 
  2.4386262521147728E-02 
  2.4099159985780716E-02 
  2.3812055587768555E-02 
  2.3524951189756393E-02 
  2.3237843066453934E-02 
  3.4354332834482193E-02 
  3.4354332834482193E-02 
  2.3237843066453934E-02 
  2.3524951189756393E-02 
  2.3812055587768555E-02 
  2.4099159985780716E-02 
  2.4386262521147728E-02 
  2.4673385545611382E-02 
  2.4960460141301155E-02 
  2.5247573852539062E-02 
  2.5534687563776970E-02 
  2.5821801275014877E-02 
  2.6108875870704651E-02 
  2.6395989581942558E-02 
  2.6683121919631958E-02 
  2.6970196515321732E-02 
  2.7257310226559639E-02 
  2.7544422075152397E-02 
  2.7831496670842171E-02 
  2.8118649497628212E-02 
  2.8405724093317986E-02 
  2.8692837804555893E-02 
  2.8979951515793800E-02 
  2.9267026111483574E-02 
  2.9554139822721481E-02 
  2.9841290786862373E-02 
  3.0128365382552147E-02 
  3.0415439978241920E-02 
  3.0702592805027962E-02 
  3.0989667400717735E-02 
  3.1276740133762360E-02 
  3.1563971191644669E-02 
  3.1850967556238174E-02 
  3.2138120383024216E-02 
  3.2425116747617722E-02 
  3.2712347805500031E-02 
  3.2999422401189804E-02 
  3.3286496996879578E-02 
  3.3573571592569351E-02 
  3.3860724419355392E-02 
  3.4004375338554382E-02 
  3.8439940661191940E-02 
  3.8277551531791687E-02 
  3.7952940911054611E-02 
  3.7628419697284698E-02 
  3.7303898483514786E-02 
  3.6979377269744873E-02 
  3.6654684692621231E-02 
  3.6330249160528183E-02 
  3.6005642265081406E-02 
  3.5681206732988358E-02 
  3.5356510430574417E-02 
  3.5031989216804504E-02 
  3.4707468003034592E-02 
  3.4382861107587814E-02 
  3.4058339893817902E-02 
  3.3733818680047989E-02 
  3.3409211784601212E-02 
  3.3084645867347717E-02 
  3.2760124653577805E-02 
  3.2435558736324310E-02 
  3.2110996544361115E-02 
  3.1786475330591202E-02 
  3.1461864709854126E-02 
  3.1137345358729362E-02 
  3.0812781304121017E-02 
  3.0488215386867523E-02 
  3.0163694173097610E-02 
  2.9839107766747475E-02 
  2.9514543712139130E-02 
  2.9190022498369217E-02 
  2.8865458443760872E-02 
  2.8540892526507378E-02 
  2.8216328471899033E-02 
  2.7891807258129120E-02 
  2.7567232027649879E-02 
  2.7242677286267281E-02 
  2.6918124407529831E-02 
  2.6593569666147232E-02 
  2.6269011199474335E-02 
  3.8835547864437103E-02 
  3.8835547864437103E-02 
  2.6269011199474335E-02 
  2.6593569666147232E-02 
  2.6918124407529831E-02 
  2.7242677286267281E-02 
  2.7567232027649879E-02 
  2.7891807258129120E-02 
  2.8216328471899033E-02 
  2.8540892526507378E-02 
  2.8865458443760872E-02 
  2.9190022498369217E-02 
  2.9514543712139130E-02 
  2.9839107766747475E-02 
  3.0163694173097610E-02 
  3.0488215386867523E-02 
  3.0812781304121017E-02 
  3.1137345358729362E-02 
  3.1461864709854126E-02 
  3.1786475330591202E-02 
  3.2110996544361115E-02 
  3.2435558736324310E-02 
  3.2760124653577805E-02 
  3.3084645867347717E-02 
  3.3409211784601212E-02 
  3.3733818680047989E-02 
  3.4058339893817902E-02 
  3.4382861107587814E-02 
  3.4707468003034592E-02 
  3.5031989216804504E-02 
  3.5356510430574417E-02 
  3.5681206732988358E-02 
  3.6005642265081406E-02 
  3.6330249160528183E-02 
  3.6654684692621231E-02 
  3.6979377269744873E-02 
  3.7303898483514786E-02 
  3.7628419697284698E-02 
  3.7952940911054611E-02 
  3.8277551531791687E-02 
  3.8439940661191940E-02 
  4.3012846261262894E-02 
  4.2831134051084518E-02 
  4.2467910796403885E-02 
  4.2104784399271011E-02 
  4.1741658002138138E-02 
  4.1378531605005264E-02 
  4.1015207767486572E-02 
  4.0652178227901459E-02 
  4.0288954973220825E-02 
  3.9925925433635712E-02 
  3.9562601596117020E-02 
  3.9199475198984146E-02 
  3.8836348801851273E-02 
  3.8473125547170639E-02 
  3.8109999150037766E-02 
  3.7746872752904892E-02 
  3.7383645772933960E-02 
  3.7020470947027206E-02 
  3.6657344549894333E-02 
  3.6294169723987579E-02 
  3.5930991172790527E-02 
  3.5567864775657654E-02 
  3.5204641520977020E-02 
  3.4841515123844147E-02 
  3.4478340297937393E-02 
  3.4115161746740341E-02 
  3.3752035349607468E-02 
  3.3388838171958923E-02 
  3.3025659620761871E-02 
  3.2662533223628998E-02 
  3.2299358397722244E-02 
  3.1936183571815491E-02 
  3.1573008745908737E-02 
  3.1209880486130714E-02 
  3.0846692621707916E-02 
  3.0483528971672058E-02 
  3.0120365321636200E-02 
  2.9757201671600342E-02 
  2.9394032433629036E-02 
  4.3455511331558228E-02 
  4.3455511331558228E-02 
  2.9394032433629036E-02 
  2.9757201671600342E-02 
  3.0120365321636200E-02 
  3.0483528971672058E-02 
  3.0846692621707916E-02 
  3.1209880486130714E-02 
  3.1573008745908737E-02 
  3.1936183571815491E-02 
  3.2299358397722244E-02 
  3.2662533223628998E-02 
  3.3025659620761871E-02 
  3.3388838171958923E-02 
  3.3752035349607468E-02 
  3.4115161746740341E-02 
  3.4478340297937393E-02 
  3.4841515123844147E-02 
  3.5204641520977020E-02 
  3.5567864775657654E-02 
  3.5930991172790527E-02 
  3.6294169723987579E-02 
  3.6657344549894333E-02 
  3.7020470947027206E-02 
  3.7383645772933960E-02 
  3.7746872752904892E-02 
  3.8109999150037766E-02 
  3.8473125547170639E-02 
  3.8836348801851273E-02 
  3.9199475198984146E-02 
  3.9562601596117020E-02 
  3.9925925433635712E-02 
  4.0288954973220825E-02 
  4.0652178227901459E-02 
  4.1015207767486572E-02 
  4.1378531605005264E-02 
  4.1741658002138138E-02 
  4.2104784399271011E-02 
  4.2467910796403885E-02 
  4.2831134051084518E-02 
  4.3012846261262894E-02 
  4.7724567353725433E-02 
  4.7522954642772675E-02 
  4.7119941562414169E-02 
  4.6717036515474319E-02 
  4.6314131468534470E-02 
  4.5911226421594620E-02 
  4.5508105307817459E-02 
  4.5105308294296265E-02 
  4.4702295213937759E-02 
  4.4299501925706863E-02 
  4.3896380811929703E-02 
  4.3493475764989853E-02 
  4.3090570718050003E-02 
  4.2687557637691498E-02 
  4.2284652590751648E-02 
  4.1881747543811798E-02 
  4.1478734463453293E-02 
  4.1075777262449265E-02 
  4.0672872215509415E-02 
  4.0269915014505386E-02 
  3.9866954088211060E-02 
  3.9464049041271210E-02 
  3.9061035960912704E-02 
  3.8658134639263153E-02 
  3.8255173712968826E-02 
  3.7852216511964798E-02 
  3.7449311465024948E-02 
  3.7046324461698532E-02 
  3.6643367260694504E-02 
  3.6240462213754654E-02 
  3.5837501287460327E-02 
  3.5434544086456299E-02 
  3.5031586885452271E-02 
  3.4628681838512421E-02 
  3.4225709736347198E-02 
  3.3822763711214066E-02 
  3.3419817686080933E-02 
  3.3016871660947800E-02 
  3.2613921910524368E-02 
  4.8215728253126144E-02 
  4.8215728253126144E-02 
  3.2613921910524368E-02 
  3.3016871660947800E-02 
  3.3419817686080933E-02 
  3.3822763711214066E-02 
  3.4225709736347198E-02 
  3.4628681838512421E-02 
  3.5031586885452271E-02 
  3.5434544086456299E-02 
  3.5837501287460327E-02 
  3.6240462213754654E-02 
  3.6643367260694504E-02 
  3.7046324461698532E-02 
  3.7449311465024948E-02 
  3.7852216511964798E-02 
  3.8255173712968826E-02 
  3.8658134639263153E-02 
  3.9061035960912704E-02 
  3.9464049041271210E-02 
  3.9866954088211060E-02 
  4.0269915014505386E-02 
  4.0672872215509415E-02 
  4.1075777262449265E-02 
  4.1478734463453293E-02 
  4.1881747543811798E-02 
  4.2284652590751648E-02 
  4.2687557637691498E-02 
  4.3090570718050003E-02 
  4.3493475764989853E-02 
  4.3896380811929703E-02 
  4.4299501925706863E-02 
  4.4702295213937759E-02 
  4.5105308294296265E-02 
  4.5508105307817459E-02 
  4.5911226421594620E-02 
  4.6314131468534470E-02 
  4.6717036515474319E-02 
  4.7119941562414169E-02 
  4.7522954642772675E-02 
  4.7724567353725433E-02 
  5.2576828747987747E-02 
  5.2354712039232254E-02 
  5.1910724490880966E-02 
  5.1466856151819229E-02 
  5.1022987812757492E-02 
  5.0579119473695755E-02 
  5.0135012716054916E-02 
  4.9691263586282730E-02 
  4.9247276037931442E-02 
  4.8803526908159256E-02 
  4.8359416425228119E-02 
  4.7915548086166382E-02 
  4.7471679747104645E-02 
  4.7027692198753357E-02 
  4.6583823859691620E-02 
  4.6139955520629883E-02 
  4.5695967972278595E-02 
  4.5252040028572083E-02 
  4.4808167964220047E-02 
  4.4364240020513535E-02 
  4.3920312076807022E-02 
  4.3476443737745285E-02 
  4.3032456189393997E-02 
  4.2588587850332260E-02 
  4.2144659906625748E-02 
  4.1700731962919235E-02 
  4.1256863623857498E-02 
  4.0812902152538300E-02 
  4.0368974208831787E-02 
  3.9925105869770050E-02 
  3.9481177926063538E-02 
  3.9037249982357025E-02 
  3.8593322038650513E-02 
  3.8149453699588776E-02 
  3.7705510854721069E-02 
  3.7261594086885452E-02 
  3.6817681044340134E-02 
  3.6373768001794815E-02 
  3.5929847508668900E-02 
  5.3117923438549042E-02 
  5.3117923438549042E-02 
  3.5929847508668900E-02 
  3.6373768001794815E-02 
  3.6817681044340134E-02 
  3.7261594086885452E-02 
  3.7705510854721069E-02 
  3.8149453699588776E-02 
  3.8593322038650513E-02 
  3.9037249982357025E-02 
  3.9481177926063538E-02 
  3.9925105869770050E-02 
  4.0368974208831787E-02 
  4.0812902152538300E-02 
  4.1256863623857498E-02 
  4.1700731962919235E-02 
  4.2144659906625748E-02 
  4.2588587850332260E-02 
  4.3032456189393997E-02 
  4.3476443737745285E-02 
  4.3920312076807022E-02 
  4.4364240020513535E-02 
  4.4808167964220047E-02 
  4.5252040028572083E-02 
  4.5695967972278595E-02 
  4.6139955520629883E-02 
  4.6583823859691620E-02 
  4.7027692198753357E-02 
  4.7471679747104645E-02 
  4.7915548086166382E-02 
  4.8359416425228119E-02 
  4.8803526908159256E-02 
  4.9247276037931442E-02 
  4.9691263586282730E-02 
  5.0135012716054916E-02 
  5.0579119473695755E-02 
  5.1022987812757492E-02 
  5.1466856151819229E-02 
  5.1910724490880966E-02 
  5.2354712039232254E-02 
  5.2576828747987747E-02 
  5.7571068406105042E-02 
  5.7327855378389359E-02 
  5.6841693818569183E-02 
  5.6355662643909454E-02 
  5.5869631469249725E-02 
  5.5383600294589996E-02 
  5.4897304624319077E-02 
  5.4411407560110092E-02 
  5.3925242274999619E-02 
  5.3439341485500336E-02 
  5.2953049540519714E-02 
  5.2467018365859985E-02 
  5.1980987191200256E-02 
  5.1494825631380081E-02 
  5.1008794456720352E-02 
  5.0522763282060623E-02 
  5.0036597996950150E-02 
  4.9550503492355347E-02 
  4.9064472317695618E-02 
  4.8578374087810516E-02 
  4.8092275857925415E-02 
  4.7606244683265686E-02 
  4.7120083123445511E-02 
  4.6634051948785782E-02 
  4.6147953718900681E-02 
  4.5661859214305878E-02 
  4.5175828039646149E-02 
  4.4689696282148361E-02 
  4.4203598052263260E-02 
  4.3717566877603531E-02 
  4.3231472373008728E-02 
  4.2745374143123627E-02 
  4.2259275913238525E-02 
  4.1773244738578796E-02 
  4.1287131607532501E-02 
  4.0801052004098892E-02 
  4.0314972400665283E-02 
  3.9828892797231674E-02 
  3.9342802017927170E-02 
  5.8163564652204514E-02 
  5.8163564652204514E-02 
  3.9342802017927170E-02 
  3.9828892797231674E-02 
  4.0314972400665283E-02 
  4.0801052004098892E-02 
  4.1287131607532501E-02 
  4.1773244738578796E-02 
  4.2259275913238525E-02 
  4.2745374143123627E-02 
  4.3231472373008728E-02 
  4.3717566877603531E-02 
  4.4203598052263260E-02 
  4.4689696282148361E-02 
  4.5175828039646149E-02 
  4.5661859214305878E-02 
  4.6147953718900681E-02 
  4.6634051948785782E-02 
  4.7120083123445511E-02 
  4.7606244683265686E-02 
  4.8092275857925415E-02 
  4.8578374087810516E-02 
  4.9064472317695618E-02 
  4.9550503492355347E-02 
  5.0036597996950150E-02 
  5.0522763282060623E-02 
  5.1008794456720352E-02 
  5.1494825631380081E-02 
  5.1980987191200256E-02 
  5.2467018365859985E-02 
  5.2953049540519714E-02 
  5.3439341485500336E-02 
  5.3925242274999619E-02 
  5.4411407560110092E-02 
  5.4897304624319077E-02 
  5.5383600294589996E-02 
  5.5869631469249725E-02 
  5.6355662643909454E-02 
  5.6841693818569183E-02 
  5.7327855378389359E-02 
  5.7571068406105042E-02 
  6.2708690762519836E-02 
  6.2443770468235016E-02 
  6.1914224177598953E-02 
  6.1384819447994232E-02 
  6.0855414718389511E-02 
  6.0326009988784790E-02 
  5.9796322137117386E-02 
  5.9267058968544006E-02 
  5.8737512677907944E-02 
  5.8208249509334564E-02 
  5.7678557932376862E-02 
  5.7149153202772141E-02 
  5.6619748473167419E-02 
  5.6090202182531357E-02 
  5.5560797452926636E-02 
  5.5031392723321915E-02 
  5.4501846432685852E-02 
  5.3972370922565460E-02 
  5.3442966192960739E-02 
  5.2913490682840347E-02 
  5.2384011447429657E-02 
  5.1854606717824936E-02 
  5.1325060427188873E-02 
  5.0795655697584152E-02 
  5.0266180187463760E-02 
  4.9736704677343369E-02 
  4.9207299947738647E-02 
  4.8677787184715271E-02 
  4.8148311674594879E-02 
  4.7618906944990158E-02 
  4.7089431434869766E-02 
  4.6559955924749374E-02 
  4.6030480414628983E-02 
  4.5501075685024261E-02 
  4.4971581548452377E-02 
  4.4442120939493179E-02 
  4.3912664055824280E-02 
  4.3383207172155380E-02 
  4.2853739112615585E-02 
  6.3354052603244781E-02 
  6.3354052603244781E-02 
  4.2853739112615585E-02 
  4.3383207172155380E-02 
  4.3912664055824280E-02 
  4.4442120939493179E-02 
  4.4971581548452377E-02 
  4.5501075685024261E-02 
  4.6030480414628983E-02 
  4.6559955924749374E-02 
  4.7089431434869766E-02 
  4.7618906944990158E-02 
  4.8148311674594879E-02 
  4.8677787184715271E-02 
  4.9207299947738647E-02 
  4.9736704677343369E-02 
  5.0266180187463760E-02 
  5.0795655697584152E-02 
  5.1325060427188873E-02 
  5.1854606717824936E-02 
  5.2384011447429657E-02 
  5.2913490682840347E-02 
  5.3442966192960739E-02 
  5.3972370922565460E-02 
  5.4501846432685852E-02 
  5.5031392723321915E-02 
  5.5560797452926636E-02 
  5.6090202182531357E-02 
  5.6619748473167419E-02 
  5.7149153202772141E-02 
  5.7678557932376862E-02 
  5.8208249509334564E-02 
  5.8737512677907944E-02 
  5.9267058968544006E-02 
  5.9796322137117386E-02 
  6.0326009988784790E-02 
  6.0855414718389511E-02 
  6.1384819447994232E-02 
  6.1914224177598953E-02 
  6.2443770468235016E-02 
  6.2708690762519836E-02 
  6.7991532385349274E-02 
  6.7704297602176666E-02 
  6.7130140960216522E-02 
  6.6556140780448914E-02 
  6.5982133150100708E-02 
  6.5408132970333099E-02 
  6.4833812415599823E-02 
  6.4259968698024750E-02 
  6.3685804605484009E-02 
  6.3111960887908936E-02 
  6.2537647783756256E-02 
  6.1963640153408051E-02 
  6.1389636248350143E-02 
  6.0815479606389999E-02 
  6.0241475701332092E-02 
  5.9667471796274185E-02 
  5.9093311429023743E-02 
  5.8519229292869568E-02 
  5.7945225387811661E-02 
  5.7371146976947784E-02 
  5.6797064840793610E-02 
  5.6223060935735703E-02 
  5.5648900568485260E-02 
  5.5074896663427353E-02 
  5.4500814527273178E-02 
  5.3926736116409302E-02 
  5.3352732211351395E-02 
  5.2778612822294235E-02 
  5.2204530686140060E-02 
  5.1630526781082153E-02 
  5.1056444644927979E-02 
  5.0482362508773804E-02 
  4.9908280372619629E-02 
  4.9334276467561722E-02 
  4.8760175704956055E-02 
  4.8186115920543671E-02 
  4.7612052410840988E-02 
  4.7037992626428604E-02 
  4.6463917940855026E-02 
  6.8691268563270569E-02 
  6.8691268563270569E-02 
  4.6463917940855026E-02 
  4.7037992626428604E-02 
  4.7612052410840988E-02 
  4.8186115920543671E-02 
  4.8760175704956055E-02 
  4.9334276467561722E-02 
  4.9908280372619629E-02 
  5.0482362508773804E-02 
  5.1056444644927979E-02 
  5.1630526781082153E-02 
  5.2204530686140060E-02 
  5.2778612822294235E-02 
  5.3352732211351395E-02 
  5.3926736116409302E-02 
  5.4500814527273178E-02 
  5.5074896663427353E-02 
  5.5648900568485260E-02 
  5.6223060935735703E-02 
  5.6797064840793610E-02 
  5.7371146976947784E-02 
  5.7945225387811661E-02 
  5.8519229292869568E-02 
  5.9093311429023743E-02 
  5.9667471796274185E-02 
  6.0241475701332092E-02 
  6.0815479606389999E-02 
  6.1389636248350143E-02 
  6.1963640153408051E-02 
  6.2537647783756256E-02 
  6.3111960887908936E-02 
  6.3685804605484009E-02 
  6.4259968698024750E-02 
  6.4833812415599823E-02 
  6.5408132970333099E-02 
  6.5982133150100708E-02 
  6.6556140780448914E-02 
  6.7130140960216522E-02 
  6.7704297602176666E-02 
  6.7991532385349274E-02 
  7.3420926928520203E-02 
  7.3110759258270264E-02 
  7.2490751743316650E-02 
  7.1870908141136169E-02 
  7.1251071989536285E-02 
  7.0631228387355804E-02 
  7.0011056959629059E-02 
  6.9391384720802307E-02 
  6.8771377205848694E-02 
  6.8151697516441345E-02 
  6.7531526088714600E-02 
  6.6911682486534119E-02 
  6.6291846334934235E-02 
  6.5671838819980621E-02 
  6.5051995217800140E-02 
  6.4432159066200256E-02 
  6.3812151551246643E-02 
  6.3192225992679596E-02 
  6.2572382390499115E-02 
  6.1952460557222366E-02 
  6.1332538723945618E-02 
  6.0712695121765137E-02 
  6.0092687606811523E-02 
  5.9472847729921341E-02 
  5.8852925896644592E-02 
  5.8233000338077545E-02 
  5.7613160461187363E-02 
  5.6993193924427032E-02 
  5.6373268365859985E-02 
  5.5753428488969803E-02 
  5.5133506655693054E-02 
  5.4513581097126007E-02 
  5.3893659263849258E-02 
  5.3273815661668777E-02 
  5.2653871476650238E-02 
  5.2033968269824982E-02 
  5.1414065062999725E-02 
  5.0794161856174469E-02 
  5.0174247473478317E-02 
  7.4176542460918427E-02 
  7.4176542460918427E-02 
  5.0174247473478317E-02 
  5.0794161856174469E-02 
  5.1414065062999725E-02 
  5.2033968269824982E-02 
  5.2653871476650238E-02 
  5.3273815661668777E-02 
  5.3893659263849258E-02 
  5.4513581097126007E-02 
  5.5133506655693054E-02 
  5.5753428488969803E-02 
  5.6373268365859985E-02 
  5.6993193924427032E-02 
  5.7613160461187363E-02 
  5.8233000338077545E-02 
  5.8852925896644592E-02 
  5.9472847729921341E-02 
  6.0092687606811523E-02 
  6.0712695121765137E-02 
  6.1332538723945618E-02 
  6.1952460557222366E-02 
  6.2572382390499115E-02 
  6.3192225992679596E-02 
  6.3812151551246643E-02 
  6.4432159066200256E-02 
  6.5051995217800140E-02 
  6.5671838819980621E-02 
  6.6291846334934235E-02 
  6.6911682486534119E-02 
  6.7531526088714600E-02 
  6.8151697516441345E-02 
  6.8771377205848694E-02 
  6.9391384720802307E-02 
  7.0011056959629059E-02 
  7.0631228387355804E-02 
  7.1251071989536285E-02 
  7.1870908141136169E-02 
  7.2490751743316650E-02 
  7.3110759258270264E-02 
  7.3420926928520203E-02 
  7.8998416662216187E-02 
  7.8664682805538177E-02 
  7.7997580170631409E-02 
  7.7330648899078369E-02 
  7.6663725078105927E-02 
  7.5996793806552887E-02 
  7.5329512357711792E-02 
  7.4662759900093079E-02 
  7.3995657265186310E-02 
  7.3328904807567596E-02 
  7.2661623358726501E-02 
  7.1994692087173462E-02 
  7.1327768266201019E-02 
  7.0660658180713654E-02 
  6.9993734359741211E-02 
  6.9326803088188171E-02 
  6.8659700453281403E-02 
  6.7992679774761200E-02 
  6.7325755953788757E-02 
  6.6658735275268555E-02 
  6.5991722047328949E-02 
  6.5324790775775909E-02 
  6.4657688140869141E-02 
  6.3990756869316101E-02 
  6.3323743641376495E-02 
  6.2656722962856293E-02 
  6.1989795416593552E-02 
  6.1322733759880066E-02 
  6.0655716806650162E-02 
  5.9988789260387421E-02 
  5.9321772307157516E-02 
  5.8654755353927612E-02 
  5.7987738400697708E-02 
  5.7320810854434967E-02 
  5.6653771549463272E-02 
  5.5986776947975159E-02 
  5.5319782346487045E-02 
  5.4652787744998932E-02 
  5.3985781967639923E-02 
  7.9811431467533112E-02 
  7.9811431467533112E-02 
  5.3985781967639923E-02 
  5.4652787744998932E-02 
  5.5319782346487045E-02 
  5.5986776947975159E-02 
  5.6653771549463272E-02 
  5.7320810854434967E-02 
  5.7987738400697708E-02 
  5.8654755353927612E-02 
  5.9321772307157516E-02 
  5.9988789260387421E-02 
  6.0655716806650162E-02 
  6.1322733759880066E-02 
  6.1989795416593552E-02 
  6.2656722962856293E-02 
  6.3323743641376495E-02 
  6.3990756869316101E-02 
  6.4657688140869141E-02 
  6.5324790775775909E-02 
  6.5991722047328949E-02 
  6.6658735275268555E-02 
  6.7325755953788757E-02 
  6.7992679774761200E-02 
  6.8659700453281403E-02 
  6.9326803088188171E-02 
  6.9993734359741211E-02 
  7.0660658180713654E-02 
  7.1327768266201019E-02 
  7.1994692087173462E-02 
  7.2661623358726501E-02 
  7.3328904807567596E-02 
  7.3995657265186310E-02 
  7.4662759900093079E-02 
  7.5329512357711792E-02 
  7.5996793806552887E-02 
  7.6663725078105927E-02 
  7.7330648899078369E-02 
  7.7997580170631409E-02 
  7.8664682805538177E-02 
  7.8998416662216187E-02 
  8.4725789725780487E-02 
  8.4367863833904266E-02 
  8.3652392029762268E-02 
  8.2937106490135193E-02 
  8.2221828401088715E-02 
  8.1506550312042236E-02 
  8.0790884792804718E-02 
  8.0075800418853760E-02 
  7.9360328614711761E-02 
  7.8645236790180206E-02 
  7.7929578721523285E-02 
  7.7214293181896210E-02 
  7.6499015092849731E-02 
  7.5783543288707733E-02 
  7.5068265199661255E-02 
  7.4352987110614777E-02 
  7.3637515306472778E-02 
  7.2922140359878540E-02 
  7.2206862270832062E-02 
  7.1491479873657227E-02 
  7.0776104927062988E-02 
  7.0060826838016510E-02 
  6.9345355033874512E-02 
  6.8630076944828033E-02 
  6.7914701998233795E-02 
  6.7199327051639557E-02 
  6.6484048962593079E-02 
  6.5768621861934662E-02 
  6.5053246915340424E-02 
  6.4337968826293945E-02 
  6.3622593879699707E-02 
  6.2907211482524872E-02 
  6.2191840261220932E-02 
  6.1476558446884155E-02 
  6.0761161148548126E-02 
  6.0045808553695679E-02 
  5.9330455958843231E-02 
  5.8615107089281082E-02 
  5.7899743318557739E-02 
  8.5597746074199677E-02 
  8.5597746074199677E-02 
  5.7899743318557739E-02 
  5.8615107089281082E-02 
  5.9330455958843231E-02 
  6.0045808553695679E-02 
  6.0761161148548126E-02 
  6.1476558446884155E-02 
  6.2191840261220932E-02 
  6.2907211482524872E-02 
  6.3622593879699707E-02 
  6.4337968826293945E-02 
  6.5053246915340424E-02 
  6.5768621861934662E-02 
  6.6484048962593079E-02 
  6.7199327051639557E-02 
  6.7914701998233795E-02 
  6.8630076944828033E-02 
  6.9345355033874512E-02 
  7.0060826838016510E-02 
  7.0776104927062988E-02 
  7.1491479873657227E-02 
  7.2206862270832062E-02 
  7.2922140359878540E-02 
  7.3637515306472778E-02 
  7.4352987110614777E-02 
  7.5068265199661255E-02 
  7.5783543288707733E-02 
  7.6499015092849731E-02 
  7.7214293181896210E-02 
  7.7929578721523285E-02 
  7.8645236790180206E-02 
  7.9360328614711761E-02 
  8.0075800418853760E-02 
  8.0790884792804718E-02 
  8.1506550312042236E-02 
  8.2221828401088715E-02 
  8.2937106490135193E-02 
  8.3652392029762268E-02 
  8.4367863833904266E-02 
  8.4725789725780487E-02 
  9.0604193508625031E-02 
  9.0221434831619263E-02 
  8.9456319808959961E-02 
  8.8691413402557373E-02 
  8.7926506996154785E-02 
  8.7161600589752197E-02 
  8.6396276950836182E-02 
  8.5631579160690308E-02 
  8.4866464138031006E-02 
  8.4101766347885132E-02 
  8.3336450159549713E-02 
  8.2571543753147125E-02 
  8.1806637346744537E-02 
  8.1041522324085236E-02 
  8.0276615917682648E-02 
  7.9511709511280060E-02 
  7.8746594488620758E-02 
  7.7981583774089813E-02 
  7.7216677367687225E-02 
  7.6451674103736877E-02 
  7.5686663389205933E-02 
  7.4921756982803345E-02 
  7.4156641960144043E-02 
  7.3391735553741455E-02 
  7.2626724839210510E-02 
  7.1861714124679565E-02 
  7.1096807718276978E-02 
  7.0331752300262451E-02 
  6.9566741585731506E-02 
  6.8801835179328918E-02 
  6.8036824464797974E-02 
  6.7271813750267029E-02 
  6.6506803035736084E-02 
  6.5741896629333496E-02 
  6.4976863563060760E-02 
  6.4211875200271606E-02 
  6.3446894288063049E-02 
  6.2681913375854492E-02 
  6.1916913837194443E-02 
  9.1536648571491241E-02 
  9.1536648571491241E-02 
  6.1916913837194443E-02 
  6.2681913375854492E-02 
  6.3446894288063049E-02 
  6.4211875200271606E-02 
  6.4976863563060760E-02 
  6.5741896629333496E-02 
  6.6506803035736084E-02 
  6.7271813750267029E-02 
  6.8036824464797974E-02 
  6.8801835179328918E-02 
  6.9566741585731506E-02 
  7.0331752300262451E-02 
  7.1096807718276978E-02 
  7.1861714124679565E-02 
  7.2626724839210510E-02 
  7.3391735553741455E-02 
  7.4156641960144043E-02 
  7.4921756982803345E-02 
  7.5686663389205933E-02 
  7.6451674103736877E-02 
  7.7216677367687225E-02 
  7.7981583774089813E-02 
  7.8746594488620758E-02 
  7.9511709511280060E-02 
  8.0276615917682648E-02 
  8.1041522324085236E-02 
  8.1806637346744537E-02 
  8.2571543753147125E-02 
  8.3336450159549713E-02 
  8.4101766347885132E-02 
  8.4866464138031006E-02 
  8.5631579160690308E-02 
  8.6396276950836182E-02 
  8.7161600589752197E-02 
  8.7926506996154785E-02 
  8.8691413402557373E-02 
  8.9456319808959961E-02 
  9.0221434831619263E-02 
  9.0604193508625031E-02 
  9.6635513007640839E-02 
  9.6227265894412994E-02 
  9.5411226153373718E-02 
  9.4595402479171753E-02 
  9.3779571354389191E-02 
  9.2963747680187225E-02 
  9.2147484421730042E-02 
  9.1331876814365387E-02 
  9.0515837073326111E-02 
  8.9700229465961456E-02 
  8.8883966207504272E-02 
  8.8068142533302307E-02 
  8.7252318859100342E-02 
  8.6436271667480469E-02 
  8.5620447993278503E-02 
  8.4804624319076538E-02 
  8.3988577127456665E-02 
  8.3172641694545746E-02 
  8.2356818020343781E-02 
  8.1540882587432861E-02 
  8.0724954605102539E-02 
  7.9909123480319977E-02 
  7.9093083739280701E-02 
  7.8277260065078735E-02 
  7.7461324632167816E-02 
  7.6645389199256897E-02 
  7.5829565525054932E-02 
  7.5013577938079834E-02 
  7.4197642505168915E-02 
  7.3381818830966949E-02 
  7.2565883398056030E-02 
  7.1749947965145111E-02 
  7.0934012532234192E-02 
  7.0118188858032227E-02 
  6.9302223622798920E-02 
  6.8486317992210388E-02 
  6.7670412361621857E-02 
  6.6854506731033325E-02 
  6.6038586199283600E-02 
  9.7630038857460022E-02 
  9.7630038857460022E-02 
  6.6038586199283600E-02 
  6.6854506731033325E-02 
  6.7670412361621857E-02 
  6.8486317992210388E-02 
  6.9302223622798920E-02 
  7.0118188858032227E-02 
  7.0934012532234192E-02 
  7.1749947965145111E-02 
  7.2565883398056030E-02 
  7.3381818830966949E-02 
  7.4197642505168915E-02 
  7.5013577938079834E-02 
  7.5829565525054932E-02 
  7.6645389199256897E-02 
  7.7461324632167816E-02 
  7.8277260065078735E-02 
  7.9093083739280701E-02 
  7.9909123480319977E-02 
  8.0724954605102539E-02 
  8.1540882587432861E-02 
  8.2356818020343781E-02 
  8.3172641694545746E-02 
  8.3988577127456665E-02 
  8.4804624319076538E-02 
  8.5620447993278503E-02 
  8.6436271667480469E-02 
  8.7252318859100342E-02 
  8.8068142533302307E-02 
  8.8883966207504272E-02 
  8.9700229465961456E-02 
  9.0515837073326111E-02 
  9.1331876814365387E-02 
  9.2147484421730042E-02 
  9.2963747680187225E-02 
  9.3779571354389191E-02 
  9.4595402479171753E-02 
  9.5411226153373718E-02 
  9.6227265894412994E-02 
  9.6635513007640839E-02 
  1.0282106697559357E-01 
  1.0238669812679291E-01 
  1.0151841491460800E-01 
  1.0065037012100220E-01 
  9.9782325327396393E-02 
  9.8914280533790588E-02 
  9.8045766353607178E-02 
  9.7177959978580475E-02 
  9.6309676766395569E-02 
  9.5441870391368866E-02 
  9.4573356211185455E-02 
  9.3705311417579651E-02 
  9.2837266623973846E-02 
  9.1968983411788940E-02 
  9.1100938618183136E-02 
  9.0232893824577332E-02 
  8.9364618062973022E-02 
  8.8496454060077667E-02 
  8.7628409266471863E-02 
  8.6760252714157104E-02 
  8.5892088711261749E-02 
  8.5024043917655945E-02 
  8.4155760705471039E-02 
  8.3287715911865234E-02 
  8.2419559359550476E-02 
  8.1551395356655121E-02 
  8.0683350563049316E-02 
  7.9815126955509186E-02 
  7.8946970403194427E-02 
  7.8078925609588623E-02 
  7.7210761606693268E-02 
  7.6342597603797913E-02 
  7.5474441051483154E-02 
  7.4606396257877350E-02 
  7.3738202452659607E-02 
  7.2870068252086639E-02 
  7.2001934051513672E-02 
  7.1133807301521301E-02 
  7.0265658199787140E-02 
  1.0387925058603287E-01 
  1.0387925058603287E-01 
  7.0265658199787140E-02 
  7.1133807301521301E-02 
  7.2001934051513672E-02 
  7.2870068252086639E-02 
  7.3738202452659607E-02 
  7.4606396257877350E-02 
  7.5474441051483154E-02 
  7.6342597603797913E-02 
  7.7210761606693268E-02 
  7.8078925609588623E-02 
  7.8946970403194427E-02 
  7.9815126955509186E-02 
  8.0683350563049316E-02 
  8.1551395356655121E-02 
  8.2419559359550476E-02 
  8.3287715911865234E-02 
  8.4155760705471039E-02 
  8.5024043917655945E-02 
  8.5892088711261749E-02 
  8.6760252714157104E-02 
  8.7628409266471863E-02 
  8.8496454060077667E-02 
  8.9364618062973022E-02 
  9.0232893824577332E-02 
  9.1100938618183136E-02 
  9.1968983411788940E-02 
  9.2837266623973846E-02 
  9.3705311417579651E-02 
  9.4573356211185455E-02 
  9.5441870391368866E-02 
  9.6309676766395569E-02 
  9.7177959978580475E-02 
  9.8045766353607178E-02 
  9.8914280533790588E-02 
  9.9782325327396393E-02 
  1.0065037012100220E-01 
  1.0151841491460800E-01 
  1.0238669812679291E-01 
  1.0282106697559357E-01 
  1.0916251689195633E-01 
  1.0870135575532913E-01 
  1.0777952522039413E-01 
  1.0685794055461884E-01 
  1.0593636333942413E-01 
  1.0501477867364883E-01 
  1.0409270226955414E-01 
  1.0317137092351913E-01 
  1.0224954038858414E-01 
  1.0132820904254913E-01 
  1.0040612518787384E-01 
  9.9484547972679138E-02 
  9.8562963306903839E-02 
  9.7641140222549438E-02 
  9.6719555556774139E-02 
  9.5797970890998840E-02 
  9.4876147806644440E-02 
  9.3954436480998993E-02 
  9.3032859265804291E-02 
  9.2111155390739441E-02 
  9.1189444065093994E-02 
  9.0267866849899292E-02 
  8.9346036314964294E-02 
  8.8424459099769592E-02 
  8.7502747774124146E-02 
  8.6581043899059296E-02 
  8.5659466683864594E-02 
  8.4737695753574371E-02 
  8.3815991878509521E-02 
  8.2894407212734222E-02 
  8.1972703337669373E-02 
  8.1050999462604523E-02 
  8.0129295587539673E-02 
  7.9207710921764374E-02 
  7.8285977244377136E-02 
  7.7364303171634674E-02 
  7.6442629098892212E-02 
  7.5520955026149750E-02 
  7.4599266052246094E-02 
  1.1028596758842468E-01 
  1.1028596758842468E-01 
  7.4599266052246094E-02 
  7.5520955026149750E-02 
  7.6442629098892212E-02 
  7.7364303171634674E-02 
  7.8285977244377136E-02 
  7.9207710921764374E-02 
  8.0129295587539673E-02 
  8.1050999462604523E-02 
  8.1972703337669373E-02 
  8.2894407212734222E-02 
  8.3815991878509521E-02 
  8.4737695753574371E-02 
  8.5659466683864594E-02 
  8.6581043899059296E-02 
  8.7502747774124146E-02 
  8.8424459099769592E-02 
  8.9346036314964294E-02 
  9.0267866849899292E-02 
  9.1189444065093994E-02 
  9.2111155390739441E-02 
  9.3032859265804291E-02 
  9.3954436480998993E-02 
  9.4876147806644440E-02 
  9.5797970890998840E-02 
  9.6719555556774139E-02 
  9.7641140222549438E-02 
  9.8562963306903839E-02 
  9.9484547972679138E-02 
  1.0040612518787384E-01 
  1.0132820904254913E-01 
  1.0224954038858414E-01 
  1.0317137092351913E-01 
  1.0409270226955414E-01 
  1.0501477867364883E-01 
  1.0593636333942413E-01 
  1.0685794055461884E-01 
  1.0777952522039413E-01 
  1.0870135575532913E-01 
  1.0916251689195633E-01 
  1.1566150933504105E-01 
  1.1517289280891418E-01 
  1.1419618129730225E-01 
  1.1321973055601120E-01 
  1.1224328726530075E-01 
  1.1126683652400970E-01 
  1.1028986424207687E-01 
  1.0931368172168732E-01 
  1.0833697021007538E-01 
  1.0736078023910522E-01 
  1.0638380795717239E-01 
  1.0540736466646194E-01 
  1.0443091392517090E-01 
  1.0345420241355896E-01 
  1.0247775912284851E-01 
  1.0150130838155746E-01 
  1.0052459686994553E-01 
  9.9548019468784332E-02 
  9.8571568727493286E-02 
  9.7594991326332092E-02 
  9.6618413925170898E-02 
  9.5641963183879852E-02 
  9.4665251672267914E-02 
  9.3688808381557465E-02 
  9.2712230980396271E-02 
  9.1735646128654480E-02 
  9.0759202837944031E-02 
  8.9782558381557465E-02 
  8.8805980980396271E-02 
  8.7829530239105225E-02 
  8.6852952837944031E-02 
  8.5876367986202240E-02 
  8.4899790585041046E-02 
  8.3923347294330597E-02 
  8.2946732640266418E-02 
  8.1970185041427612E-02 
  8.0993637442588806E-02 
  8.0017097294330597E-02 
  7.9040534794330597E-02 
  1.1685184389352798E-01 
  1.1685184389352798E-01 
  7.9040534794330597E-02 
  8.0017097294330597E-02 
  8.0993637442588806E-02 
  8.1970185041427612E-02 
  8.2946732640266418E-02 
  8.3923347294330597E-02 
  8.4899790585041046E-02 
  8.5876367986202240E-02 
  8.6852952837944031E-02 
  8.7829530239105225E-02 
  8.8805980980396271E-02 
  8.9782558381557465E-02 
  9.0759202837944031E-02 
  9.1735646128654480E-02 
  9.2712230980396271E-02 
  9.3688808381557465E-02 
  9.4665251672267914E-02 
  9.5641963183879852E-02 
  9.6618413925170898E-02 
  9.7594991326332092E-02 
  9.8571568727493286E-02 
  9.9548019468784332E-02 
  1.0052459686994553E-01 
  1.0150130838155746E-01 
  1.0247775912284851E-01 
  1.0345420241355896E-01 
  1.0443091392517090E-01 
  1.0540736466646194E-01 
  1.0638380795717239E-01 
  1.0736078023910522E-01 
  1.0833697021007538E-01 
  1.0931368172168732E-01 
  1.1028986424207687E-01 
  1.1126683652400970E-01 
  1.1224328726530075E-01 
  1.1321973055601120E-01 
  1.1419618129730225E-01 
  1.1517289280891418E-01 
  1.1566150933504105E-01 
  1.2231945246458054E-01 
  1.2180270999670029E-01 
  1.2076977640390396E-01 
  1.1973711848258972E-01 
  1.1870446801185608E-01 
  1.1767181009054184E-01 
  1.1663859337568283E-01 
  1.1560621857643127E-01 
  1.1457328498363495E-01 
  1.1354091018438339E-01 
  1.1250769346952438E-01 
  1.1147503554821014E-01 
  1.1044238507747650E-01 
  1.0940945148468018E-01 
  1.0837679356336594E-01 
  1.0734413564205170E-01 
  1.0631120204925537E-01 
  1.0527841001749039E-01 
  1.0424575209617615E-01 
  1.0321296006441116E-01 
  1.0218016058206558E-01 
  1.0114751011133194E-01 
  1.0011456906795502E-01 
  9.9081918597221375E-02 
  9.8049119114875793E-02 
  9.7016327083110809E-02 
  9.5983669161796570E-02 
  9.4950810074806213E-02 
  9.3918010592460632E-02 
  9.2885352671146393E-02 
  9.1852560639381409E-02 
  9.0819768607616425E-02 
  8.9786969125270844E-02 
  8.8754311203956604E-02 
  8.7721481919288635E-02 
  8.6688727140426636E-02 
  8.5655964910984039E-02 
  8.4623202681541443E-02 
  8.3590425550937653E-02 
  1.2357831001281738E-01 
  1.2357831001281738E-01 
  8.3590425550937653E-02 
  8.4623202681541443E-02 
  8.5655964910984039E-02 
  8.6688727140426636E-02 
  8.7721481919288635E-02 
  8.8754311203956604E-02 
  8.9786969125270844E-02 
  9.0819768607616425E-02 
  9.1852560639381409E-02 
  9.2885352671146393E-02 
  9.3918010592460632E-02 
  9.4950810074806213E-02 
  9.5983669161796570E-02 
  9.7016327083110809E-02 
  9.8049119114875793E-02 
  9.9081918597221375E-02 
  1.0011456906795502E-01 
  1.0114751011133194E-01 
  1.0218016058206558E-01 
  1.0321296006441116E-01 
  1.0424575209617615E-01 
  1.0527841001749039E-01 
  1.0631120204925537E-01 
  1.0734413564205170E-01 
  1.0837679356336594E-01 
  1.0940945148468018E-01 
  1.1044238507747650E-01 
  1.1147503554821014E-01 
  1.1250769346952438E-01 
  1.1354091018438339E-01 
  1.1457328498363495E-01 
  1.1560621857643127E-01 
  1.1663859337568283E-01 
  1.1767181009054184E-01 
  1.1870446801185608E-01 
  1.1973711848258972E-01 
  1.2076977640390396E-01 
  1.2180270999670029E-01 
  1.2231945246458054E-01 
  1.2913784384727478E-01 
  1.2859229743480682E-01 
  1.2750178575515747E-01 
  1.2641155719757080E-01 
  1.2532134354114532E-01 
  1.2423112988471985E-01 
  1.2314032018184662E-01 
  1.2205039709806442E-01 
  1.2095988541841507E-01 
  1.1986996233463287E-01 
  1.1877915263175964E-01 
  1.1768893152475357E-01 
  1.1659871786832809E-01 
  1.1550820618867874E-01 
  1.1441798508167267E-01 
  1.1332776397466660E-01 
  1.1223725229501724E-01 
  1.1114688962697983E-01 
  1.1005666851997375E-01 
  1.0896630585193634E-01 
  1.0787593573331833E-01 
  1.0678572207689285E-01 
  1.0569520294666290E-01 
  1.0460498929023743E-01 
  1.0351461917161942E-01 
  1.0242425650358200E-01 
  1.0133403539657593E-01 
  1.0024359822273254E-01 
  9.9153235554695129E-02 
  9.8063014447689056E-02 
  9.6972651779651642E-02 
  9.5882281661033630E-02 
  9.4791918992996216E-02 
  9.3701697885990143E-02 
  9.2611297965049744E-02 
  9.1520972549915314E-02 
  9.0430639684200287E-02 
  8.9340314269065857E-02 
  8.8249966502189636E-02 
  1.3046686351299286E-01 
  1.3046686351299286E-01 
  8.8249966502189636E-02 
  8.9340314269065857E-02 
  9.0430639684200287E-02 
  9.1520972549915314E-02 
  9.2611297965049744E-02 
  9.3701697885990143E-02 
  9.4791918992996216E-02 
  9.5882281661033630E-02 
  9.6972651779651642E-02 
  9.8063014447689056E-02 
  9.9153235554695129E-02 
  1.0024359822273254E-01 
  1.0133403539657593E-01 
  1.0242425650358200E-01 
  1.0351461917161942E-01 
  1.0460498929023743E-01 
  1.0569520294666290E-01 
  1.0678572207689285E-01 
  1.0787593573331833E-01 
  1.0896630585193634E-01 
  1.1005666851997375E-01 
  1.1114688962697983E-01 
  1.1223725229501724E-01 
  1.1332776397466660E-01 
  1.1441798508167267E-01 
  1.1550820618867874E-01 
  1.1659871786832809E-01 
  1.1768893152475357E-01 
  1.1877915263175964E-01 
  1.1986996233463287E-01 
  1.2095988541841507E-01 
  1.2205039709806442E-01 
  1.2314032018184662E-01 
  1.2423112988471985E-01 
  1.2532134354114532E-01 
  1.2641155719757080E-01 
  1.2750178575515747E-01 
  1.2859229743480682E-01 
  1.2913784384727478E-01 
  1.3611808419227600E-01 
  1.3554304838180542E-01 
  1.3439358770847321E-01 
  1.3324443995952606E-01 
  1.3209529221057892E-01 
  1.3094614446163177E-01 
  1.2979638576507568E-01 
  1.2864753603935242E-01 
  1.2749809026718140E-01 
  1.2634924054145813E-01 
  1.2519948184490204E-01 
  1.2405033409595490E-01 
  1.2290118634700775E-01 
  1.2175172567367554E-01 
  1.2060257792472839E-01 
  1.1945343017578125E-01 
  1.1830396950244904E-01 
  1.1715467274188995E-01 
  1.1600552499294281E-01 
  1.1485622078180313E-01 
  1.1370691657066345E-01 
  1.1255776882171631E-01 
  1.1140830814838409E-01 
  1.1025916039943695E-01 
  1.0910986363887787E-01 
  1.0796055942773819E-01 
  1.0681141167879105E-01 
  1.0566203296184540E-01 
  1.0451272875070572E-01 
  1.0336358100175858E-01 
  1.0221427679061890E-01 
  1.0106497257947922E-01 
  9.9915668368339539E-02 
  9.8766520619392395E-02 
  9.7617179155349731E-02 
  9.6467919647693634E-02 
  9.5318652689456940E-02 
  9.4169393181800842E-02 
  9.3020111322402954E-02 
  1.3751894235610962E-01 
  1.3751894235610962E-01 
  9.3020111322402954E-02 
  9.4169393181800842E-02 
  9.5318652689456940E-02 
  9.6467919647693634E-02 
  9.7617179155349731E-02 
  9.8766520619392395E-02 
  9.9915668368339539E-02 
  1.0106497257947922E-01 
  1.0221427679061890E-01 
  1.0336358100175858E-01 
  1.0451272875070572E-01 
  1.0566203296184540E-01 
  1.0681141167879105E-01 
  1.0796055942773819E-01 
  1.0910986363887787E-01 
  1.1025916039943695E-01 
  1.1140830814838409E-01 
  1.1255776882171631E-01 
  1.1370691657066345E-01 
  1.1485622078180313E-01 
  1.1600552499294281E-01 
  1.1715467274188995E-01 
  1.1830396950244904E-01 
  1.1945343017578125E-01 
  1.2060257792472839E-01 
  1.2175172567367554E-01 
  1.2290118634700775E-01 
  1.2405033409595490E-01 
  1.2519948184490204E-01 
  1.2634924054145813E-01 
  1.2749809026718140E-01 
  1.2864753603935242E-01 
  1.2979638576507568E-01 
  1.3094614446163177E-01 
  1.3209529221057892E-01 
  1.3324443995952606E-01 
  1.3439358770847321E-01 
  1.3554304838180542E-01 
  1.3611808419227600E-01 
  1.4326229691505432E-01 
  1.4265708625316620E-01 
  1.4144729077816010E-01 
  1.4023783802986145E-01 
  1.3902837038040161E-01 
  1.3781891763210297E-01 
  1.3660879433155060E-01 
  1.3539966940879822E-01 
  1.3418987393379211E-01 
  1.3298073410987854E-01 
  1.3177062571048737E-01 
  1.3056117296218872E-01 
  1.2935170531272888E-01 
  1.2814192473888397E-01 
  1.2693245708942413E-01 
  1.2572298943996429E-01 
  1.2451320886611938E-01 
  1.2330358475446701E-01 
  1.2209412455558777E-01 
  1.2088450044393539E-01 
  1.1967487633228302E-01 
  1.1846540868282318E-01 
  1.1725562810897827E-01 
  1.1604616045951843E-01 
  1.1483653634786606E-01 
  1.1362691223621368E-01 
  1.1241745203733444E-01 
  1.1120774596929550E-01 
  1.0999812185764313E-01 
  1.0878866165876389E-01 
  1.0757903754711151E-01 
  1.0636941343545914E-01 
  1.0515978932380676E-01 
  1.0395032912492752E-01 
  1.0274066030979156E-01 
  1.0153108090162277E-01 
  1.0032149404287338E-01 
  9.9111914634704590E-02 
  9.7902305424213409E-02 
  1.4473669230937958E-01 
  1.4473669230937958E-01 
  9.7902305424213409E-02 
  9.9111914634704590E-02 
  1.0032149404287338E-01 
  1.0153108090162277E-01 
  1.0274066030979156E-01 
  1.0395032912492752E-01 
  1.0515978932380676E-01 
  1.0636941343545914E-01 
  1.0757903754711151E-01 
  1.0878866165876389E-01 
  1.0999812185764313E-01 
  1.1120774596929550E-01 
  1.1241745203733444E-01 
  1.1362691223621368E-01 
  1.1483653634786606E-01 
  1.1604616045951843E-01 
  1.1725562810897827E-01 
  1.1846540868282318E-01 
  1.1967487633228302E-01 
  1.2088450044393539E-01 
  1.2209412455558777E-01 
  1.2330358475446701E-01 
  1.2451320886611938E-01 
  1.2572298943996429E-01 
  1.2693245708942413E-01 
  1.2814192473888397E-01 
  1.2935170531272888E-01 
  1.3056117296218872E-01 
  1.3177062571048737E-01 
  1.3298073410987854E-01 
  1.3418987393379211E-01 
  1.3539966940879822E-01 
  1.3660879433155060E-01 
  1.3781891763210297E-01 
  1.3902837038040161E-01 
  1.4023783802986145E-01 
  1.4144729077816010E-01 
  1.4265708625316620E-01 
  1.4326229691505432E-01 
  1.5057143568992615E-01 
  1.4993533492088318E-01 
  1.4866381883621216E-01 
  1.4739266037940979E-01 
  1.4612148702144623E-01 
  1.4485032856464386E-01 
  1.4357846975326538E-01 
  1.4230763912200928E-01 
  1.4103613793849945E-01 
  1.3976530730724335E-01 
  1.3849346339702606E-01 
  1.3722229003906250E-01 
  1.3595113158226013E-01 
  1.3467961549758911E-01 
  1.3340844213962555E-01 
  1.3213728368282318E-01 
  1.3086576759815216E-01 
  1.2959443032741547E-01 
  1.2832327187061310E-01 
  1.2705193459987640E-01 
  1.2578059732913971E-01 
  1.2450942397117615E-01 
  1.2323791533708572E-01 
  1.2196674942970276E-01 
  1.2069540470838547E-01 
  1.1942406743764877E-01 
  1.1815290153026581E-01 
  1.1688147485256195E-01 
  1.1561013758182526E-01 
  1.1433897167444229E-01 
  1.1306763440370560E-01 
  1.1179629713296890E-01 
  1.1052495986223221E-01 
  1.0925379395484924E-01 
  1.0798241198062897E-01 
  1.0671111196279526E-01 
  1.0543981939554214E-01 
  1.0416851937770844E-01 
  1.0289720445871353E-01 
  1.5212103724479675E-01 
  1.5212103724479675E-01 
  1.0289720445871353E-01 
  1.0416851937770844E-01 
  1.0543981939554214E-01 
  1.0671111196279526E-01 
  1.0798241198062897E-01 
  1.0925379395484924E-01 
  1.1052495986223221E-01 
  1.1179629713296890E-01 
  1.1306763440370560E-01 
  1.1433897167444229E-01 
  1.1561013758182526E-01 
  1.1688147485256195E-01 
  1.1815290153026581E-01 
  1.1942406743764877E-01 
  1.2069540470838547E-01 
  1.2196674942970276E-01 
  1.2323791533708572E-01 
  1.2450942397117615E-01 
  1.2578059732913971E-01 
  1.2705193459987640E-01 
  1.2832327187061310E-01 
  1.2959443032741547E-01 
  1.3086576759815216E-01 
  1.3213728368282318E-01 
  1.3340844213962555E-01 
  1.3467961549758911E-01 
  1.3595113158226013E-01 
  1.3722229003906250E-01 
  1.3849346339702606E-01 
  1.3976530730724335E-01 
  1.4103613793849945E-01 
  1.4230763912200928E-01 
  1.4357846975326538E-01 
  1.4485032856464386E-01 
  1.4612148702144623E-01 
  1.4739266037940979E-01 
  1.4866381883621216E-01 
  1.4993533492088318E-01 
  1.5057143568992615E-01 
  1.5804705023765564E-01 
  1.5737935900688171E-01 
  1.5604472160339355E-01 
  1.5471045672893524E-01 
  1.5337617695331573E-01 
  1.5204189717769623E-01 
  1.5070690214633942E-01 
  1.4937297999858856E-01 
  1.4803834259510040E-01 
  1.4670442044734955E-01 
  1.4536942541599274E-01 
  1.4403514564037323E-01 
  1.4270086586475372E-01 
  1.4136622846126556E-01 
  1.4003194868564606E-01 
  1.3869766891002655E-01 
  1.3736303150653839E-01 
  1.3602857291698456E-01 
  1.3469429314136505E-01 
  1.3335983455181122E-01 
  1.3202537596225739E-01 
  1.3069109618663788E-01 
  1.2935645878314972E-01 
  1.2802217900753021E-01 
  1.2668772041797638E-01 
  1.2535326182842255E-01 
  1.2401898950338364E-01 
  1.2268444150686264E-01 
  1.2134998291730881E-01 
  1.2001570314168930E-01 
  1.1868124455213547E-01 
  1.1734679341316223E-01 
  1.1601233482360840E-01 
  1.1467805504798889E-01 
  1.1334355175495148E-01 
  1.1200913786888123E-01 
  1.1067472398281097E-01 
  1.0934031009674072E-01 
  1.0800587385892868E-01 
  1.5967358648777008E-01 
  1.5967358648777008E-01 
  1.0800587385892868E-01 
  1.0934031009674072E-01 
  1.1067472398281097E-01 
  1.1200913786888123E-01 
  1.1334355175495148E-01 
  1.1467805504798889E-01 
  1.1601233482360840E-01 
  1.1734679341316223E-01 
  1.1868124455213547E-01 
  1.2001570314168930E-01 
  1.2134998291730881E-01 
  1.2268444150686264E-01 
  1.2401898950338364E-01 
  1.2535326182842255E-01 
  1.2668772041797638E-01 
  1.2802217900753021E-01 
  1.2935645878314972E-01 
  1.3069109618663788E-01 
  1.3202537596225739E-01 
  1.3335983455181122E-01 
  1.3469429314136505E-01 
  1.3602857291698456E-01 
  1.3736303150653839E-01 
  1.3869766891002655E-01 
  1.4003194868564606E-01 
  1.4136622846126556E-01 
  1.4270086586475372E-01 
  1.4403514564037323E-01 
  1.4536942541599274E-01 
  1.4670442044734955E-01 
  1.4803834259510040E-01 
  1.4937297999858856E-01 
  1.5070690214633942E-01 
  1.5204189717769623E-01 
  1.5337617695331573E-01 
  1.5471045672893524E-01 
  1.5604472160339355E-01 
  1.5737935900688171E-01 
  1.5804705023765564E-01 
  1.6569180786609650E-01 
  1.6499184072017670E-01 
  1.6359265148639679E-01 
  1.6219383478164673E-01 
  1.6079500317573547E-01 
  1.5939618647098541E-01 
  1.5799662470817566E-01 
  1.5659818053245544E-01 
  1.5519899129867554E-01 
  1.5380054712295532E-01 
  1.5240097045898438E-01 
  1.5100215375423431E-01 
  1.4960333704948425E-01 
  1.4820414781570435E-01 
  1.4680533111095428E-01 
  1.4540651440620422E-01 
  1.4400731027126312E-01 
  1.4260829985141754E-01 
  1.4120948314666748E-01 
  1.3981048762798309E-01 
  1.3841147720813751E-01 
  1.3701266050338745E-01 
  1.3561347126960754E-01 
  1.3421463966369629E-01 
  1.3281564414501190E-01 
  1.3141663372516632E-01 
  1.3001781702041626E-01 
  1.2861871719360352E-01 
  1.2721970677375793E-01 
  1.2582089006900787E-01 
  1.2442188709974289E-01 
  1.2302287667989731E-01 
  1.2162387371063232E-01 
  1.2022505700588226E-01 
  1.1882600188255310E-01 
  1.1742704361677170E-01 
  1.1602808535099030E-01 
  1.1462912708520889E-01 
  1.1323014646768570E-01 
  1.6739703714847565E-01 
  1.6739703714847565E-01 
  1.1323014646768570E-01 
  1.1462912708520889E-01 
  1.1602808535099030E-01 
  1.1742704361677170E-01 
  1.1882600188255310E-01 
  1.2022505700588226E-01 
  1.2162387371063232E-01 
  1.2302287667989731E-01 
  1.2442188709974289E-01 
  1.2582089006900787E-01 
  1.2721970677375793E-01 
  1.2861871719360352E-01 
  1.3001781702041626E-01 
  1.3141663372516632E-01 
  1.3281564414501190E-01 
  1.3421463966369629E-01 
  1.3561347126960754E-01 
  1.3701266050338745E-01 
  1.3841147720813751E-01 
  1.3981048762798309E-01 
  1.4120948314666748E-01 
  1.4260829985141754E-01 
  1.4400731027126312E-01 
  1.4540651440620422E-01 
  1.4680533111095428E-01 
  1.4820414781570435E-01 
  1.4960333704948425E-01 
  1.5100215375423431E-01 
  1.5240097045898438E-01 
  1.5380054712295532E-01 
  1.5519899129867554E-01 
  1.5659818053245544E-01 
  1.5799662470817566E-01 
  1.5939618647098541E-01 
  1.6079500317573547E-01 
  1.6219383478164673E-01 
  1.6359265148639679E-01 
  1.6499184072017670E-01 
  1.6569180786609650E-01 
  1.7350509762763977E-01 
  1.7277210950851440E-01 
  1.7130693793296814E-01 
  1.6984215378761292E-01 
  1.6837736964225769E-01 
  1.6691260039806366E-01 
  1.6544702649116516E-01 
  1.6398264467716217E-01 
  1.6251747310161591E-01 
  1.6105309128761292E-01 
  1.5958751738071442E-01 
  1.5812273323535919E-01 
  1.5665794909000397E-01 
  1.5519277751445770E-01 
  1.5372800827026367E-01 
  1.5226322412490845E-01 
  1.5079805254936218E-01 
  1.4933307468891144E-01 
  1.4786829054355621E-01 
  1.4640331268310547E-01 
  1.4493833482265472E-01 
  1.4347355067729950E-01 
  1.4200837910175323E-01 
  1.4054360985755920E-01 
  1.3907863199710846E-01 
  1.3761365413665771E-01 
  1.3614886999130249E-01 
  1.3468378782272339E-01 
  1.3321880996227264E-01 
  1.3175404071807861E-01 
  1.3028906285762787E-01 
  1.2882408499717712E-01 
  1.2735910713672638E-01 
  1.2589432299137115E-01 
  1.2442930042743683E-01 
  1.2296437472105026E-01 
  1.2149944901466370E-01 
  1.2003451585769653E-01 
  1.1856956779956818E-01 
  1.7529071867465973E-01 
  1.7529071867465973E-01 
  1.1856956779956818E-01 
  1.2003451585769653E-01 
  1.2149944901466370E-01 
  1.2296437472105026E-01 
  1.2442930042743683E-01 
  1.2589432299137115E-01 
  1.2735910713672638E-01 
  1.2882408499717712E-01 
  1.3028906285762787E-01 
  1.3175404071807861E-01 
  1.3321880996227264E-01 
  1.3468378782272339E-01 
  1.3614886999130249E-01 
  1.3761365413665771E-01 
  1.3907863199710846E-01 
  1.4054360985755920E-01 
  1.4200837910175323E-01 
  1.4347355067729950E-01 
  1.4493833482265472E-01 
  1.4640331268310547E-01 
  1.4786829054355621E-01 
  1.4933307468891144E-01 
  1.5079805254936218E-01 
  1.5226322412490845E-01 
  1.5372800827026367E-01 
  1.5519277751445770E-01 
  1.5665794909000397E-01 
  1.5812273323535919E-01 
  1.5958751738071442E-01 
  1.6105309128761292E-01 
  1.6251747310161591E-01 
  1.6398264467716217E-01 
  1.6544702649116516E-01 
  1.6691260039806366E-01 
  1.6837736964225769E-01 
  1.6984215378761292E-01 
  1.7130693793296814E-01 
  1.7277210950851440E-01 
  1.7350509762763977E-01 
  1.8149052560329437E-01 
  1.8072380125522614E-01 
  1.7919120192527771E-01 
  1.7765900492668152E-01 
  1.7612680792808533E-01 
  1.7459461092948914E-01 
  1.7306159436702728E-01 
  1.7152981460094452E-01 
  1.6999720036983490E-01 
  1.6846542060375214E-01 
  1.6693240404129028E-01 
  1.6540020704269409E-01 
  1.6386801004409790E-01 
  1.6233541071414948E-01 
  1.6080321371555328E-01 
  1.5927101671695709E-01 
  1.5773840248584747E-01 
  1.5620601177215576E-01 
  1.5467381477355957E-01 
  1.5314140915870667E-01 
  1.5160900354385376E-01 
  1.5007680654525757E-01 
  1.4854420721530914E-01 
  1.4701201021671295E-01 
  1.4547960460186005E-01 
  1.4394721388816833E-01 
  1.4241501688957214E-01 
  1.4088250696659088E-01 
  1.3935010135173798E-01 
  1.3781790435314178E-01 
  1.3628551363945007E-01 
  1.3475310802459717E-01 
  1.3322070240974426E-01 
  1.3168850541114807E-01 
  1.3015605509281158E-01 
  1.2862370908260345E-01 
  1.2709136307239532E-01 
  1.2555900216102600E-01 
  1.2402663379907608E-01 
  1.8335834145545959E-01 
  1.8335834145545959E-01 
  1.2402663379907608E-01 
  1.2555900216102600E-01 
  1.2709136307239532E-01 
  1.2862370908260345E-01 
  1.3015605509281158E-01 
  1.3168850541114807E-01 
  1.3322070240974426E-01 
  1.3475310802459717E-01 
  1.3628551363945007E-01 
  1.3781790435314178E-01 
  1.3935010135173798E-01 
  1.4088250696659088E-01 
  1.4241501688957214E-01 
  1.4394721388816833E-01 
  1.4547960460186005E-01 
  1.4701201021671295E-01 
  1.4854420721530914E-01 
  1.5007680654525757E-01 
  1.5160900354385376E-01 
  1.5314140915870667E-01 
  1.5467381477355957E-01 
  1.5620601177215576E-01 
  1.5773840248584747E-01 
  1.5927101671695709E-01 
  1.6080321371555328E-01 
  1.6233541071414948E-01 
  1.6386801004409790E-01 
  1.6540020704269409E-01 
  1.6693240404129028E-01 
  1.6846542060375214E-01 
  1.6999720036983490E-01 
  1.7152981460094452E-01 
  1.7306159436702728E-01 
  1.7459461092948914E-01 
  1.7612680792808533E-01 
  1.7765900492668152E-01 
  1.7919120192527771E-01 
  1.8072380125522614E-01 
  1.8149052560329437E-01 
  1.8964792788028717E-01 
  1.8884673714637756E-01 
  1.8724524974822998E-01 
  1.8564419448375702E-01 
  1.8404312431812286E-01 
  1.8244206905364990E-01 
  1.8084013462066650E-01 
  1.7923951148986816E-01 
  1.7763800919055939E-01 
  1.7603738605976105E-01 
  1.7443546652793884E-01 
  1.7283439636230469E-01 
  1.7123334109783173E-01 
  1.6963183879852295E-01 
  1.6803078353404999E-01 
  1.6642971336841583E-01 
  1.6482822597026825E-01 
  1.6322694718837738E-01 
  1.6162589192390442E-01 
  1.6002461314201355E-01 
  1.5842333436012268E-01 
  1.5682226419448853E-01 
  1.5522077679634094E-01 
  1.5361970663070679E-01 
  1.5201842784881592E-01 
  1.5041716396808624E-01 
  1.4881609380245209E-01 
  1.4721471071243286E-01 
  1.4561343193054199E-01 
  1.4401237666606903E-01 
  1.4241109788417816E-01 
  1.4080981910228729E-01 
  1.3920854032039642E-01 
  1.3760747015476227E-01 
  1.3600614666938782E-01 
  1.3440491259098053E-01 
  1.3280369341373444E-01 
  1.3120247423648834E-01 
  1.2960122525691986E-01 
  1.9159968197345734E-01 
  1.9159968197345734E-01 
  1.2960122525691986E-01 
  1.3120247423648834E-01 
  1.3280369341373444E-01 
  1.3440491259098053E-01 
  1.3600614666938782E-01 
  1.3760747015476227E-01 
  1.3920854032039642E-01 
  1.4080981910228729E-01 
  1.4241109788417816E-01 
  1.4401237666606903E-01 
  1.4561343193054199E-01 
  1.4721471071243286E-01 
  1.4881609380245209E-01 
  1.5041716396808624E-01 
  1.5201842784881592E-01 
  1.5361970663070679E-01 
  1.5522077679634094E-01 
  1.5682226419448853E-01 
  1.5842333436012268E-01 
  1.6002461314201355E-01 
  1.6162589192390442E-01 
  1.6322694718837738E-01 
  1.6482822597026825E-01 
  1.6642971336841583E-01 
  1.6803078353404999E-01 
  1.6963183879852295E-01 
  1.7123334109783173E-01 
  1.7283439636230469E-01 
  1.7443546652793884E-01 
  1.7603738605976105E-01 
  1.7763800919055939E-01 
  1.7923951148986816E-01 
  1.8084013462066650E-01 
  1.8244206905364990E-01 
  1.8404312431812286E-01 
  1.8564419448375702E-01 
  1.8724524974822998E-01 
  1.8884673714637756E-01 
  1.8964792788028717E-01 
  1.9798120856285095E-01 
  1.9714482128620148E-01 
  1.9547295570373535E-01 
  1.9380155205726624E-01 
  1.9213013350963593E-01 
  1.9045871496200562E-01 
  1.8878640234470367E-01 
  1.8711544573307037E-01 
  1.8544358015060425E-01 
  1.8377260863780975E-01 
  1.8210029602050781E-01 
  1.8042887747287750E-01 
  1.7875747382640839E-01 
  1.7708560824394226E-01 
  1.7541418969631195E-01 
  1.7374277114868164E-01 
  1.7207090556621552E-01 
  1.7039927840232849E-01 
  1.6872785985469818E-01 
  1.6705621778964996E-01 
  1.6538457572460175E-01 
  1.6371317207813263E-01 
  1.6204130649566650E-01 
  1.6036988794803619E-01 
  1.5869824588298798E-01 
  1.5702660381793976E-01 
  1.5535520017147064E-01 
  1.5368343889713287E-01 
  1.5201181173324585E-01 
  1.5034039318561554E-01 
  1.4866875112056732E-01 
  1.4699710905551910E-01 
  1.4532546699047089E-01 
  1.4365406334400177E-01 
  1.4198236167430878E-01 
  1.4031077921390533E-01 
  1.3863919675350189E-01 
  1.3696761429309845E-01 
  1.3529600203037262E-01 
  2.0001873373985291E-01 
  2.0001873373985291E-01 
  1.3529600203037262E-01 
  1.3696761429309845E-01 
  1.3863919675350189E-01 
  1.4031077921390533E-01 
  1.4198236167430878E-01 
  1.4365406334400177E-01 
  1.4532546699047089E-01 
  1.4699710905551910E-01 
  1.4866875112056732E-01 
  1.5034039318561554E-01 
  1.5201181173324585E-01 
  1.5368343889713287E-01 
  1.5535520017147064E-01 
  1.5702660381793976E-01 
  1.5869824588298798E-01 
  1.6036988794803619E-01 
  1.6204130649566650E-01 
  1.6371317207813263E-01 
  1.6538457572460175E-01 
  1.6705621778964996E-01 
  1.6872785985469818E-01 
  1.7039927840232849E-01 
  1.7207090556621552E-01 
  1.7374277114868164E-01 
  1.7541418969631195E-01 
  1.7708560824394226E-01 
  1.7875747382640839E-01 
  1.8042887747287750E-01 
  1.8210029602050781E-01 
  1.8377260863780975E-01 
  1.8544358015060425E-01 
  1.8711544573307037E-01 
  1.8878640234470367E-01 
  1.9045871496200562E-01 
  1.9213013350963593E-01 
  1.9380155205726624E-01 
  1.9547295570373535E-01 
  1.9714482128620148E-01 
  1.9798120856285095E-01 
  2.0648962259292603E-01 
  2.0561729371547699E-01 
  2.0387357473373413E-01 
  2.0213033258914948E-01 
  2.0038709044456482E-01 
  1.9864384829998016E-01 
  1.9689966738224030E-01 
  1.9515688717365265E-01 
  1.9341316819190979E-01 
  1.9167040288448334E-01 
  1.8992620706558228E-01 
  1.8818296492099762E-01 
  1.8643972277641296E-01 
  1.8469600379467010E-01 
  1.8295276165008545E-01 
  1.8120951950550079E-01 
  1.7946580052375793E-01 
  1.7772233486175537E-01 
  1.7597907781600952E-01 
  1.7423559725284576E-01 
  1.7249213159084320E-01 
  1.7074887454509735E-01 
  1.6900517046451569E-01 
  1.6726192831993103E-01 
  1.6551844775676727E-01 
  1.6377496719360352E-01 
  1.6203172504901886E-01 
  1.6028812527656555E-01 
  1.5854464471340179E-01 
  1.5680140256881714E-01 
  1.5505792200565338E-01 
  1.5331444144248962E-01 
  1.5157096087932587E-01 
  1.4982771873474121E-01 
  1.4808417856693268E-01 
  1.4634075760841370E-01 
  1.4459733664989471E-01 
  1.4285391569137573E-01 
  1.4111046493053436E-01 
  2.0861470699310303E-01 
  2.0861470699310303E-01 
  1.4111046493053436E-01 
  1.4285391569137573E-01 
  1.4459733664989471E-01 
  1.4634075760841370E-01 
  1.4808417856693268E-01 
  1.4982771873474121E-01 
  1.5157096087932587E-01 
  1.5331444144248962E-01 
  1.5505792200565338E-01 
  1.5680140256881714E-01 
  1.5854464471340179E-01 
  1.6028812527656555E-01 
  1.6203172504901886E-01 
  1.6377496719360352E-01 
  1.6551844775676727E-01 
  1.6726192831993103E-01 
  1.6900517046451569E-01 
  1.7074887454509735E-01 
  1.7249213159084320E-01 
  1.7423559725284576E-01 
  1.7597907781600952E-01 
  1.7772233486175537E-01 
  1.7946580052375793E-01 
  1.8120951950550079E-01 
  1.8295276165008545E-01 
  1.8469600379467010E-01 
  1.8643972277641296E-01 
  1.8818296492099762E-01 
  1.8992620706558228E-01 
  1.9167040288448334E-01 
  1.9341316819190979E-01 
  1.9515688717365265E-01 
  1.9689966738224030E-01 
  1.9864384829998016E-01 
  2.0038709044456482E-01 
  2.0213033258914948E-01 
  2.0387357473373413E-01 
  2.0561729371547699E-01 
  2.0648962259292603E-01 
  2.1517504751682281E-01 
  2.1426601707935333E-01 
  2.1244896948337555E-01 
  2.1063239872455597E-01 
  2.0881582796573639E-01 
  2.0699925720691681E-01 
  2.0518170297145844E-01 
  2.0336562395095825E-01 
  2.0154857635498047E-01 
  1.9973249733448029E-01 
  1.9791494309902191E-01 
  1.9609837234020233E-01 
  1.9428180158138275E-01 
  1.9246473908424377E-01 
  1.9064816832542419E-01 
  1.8883161246776581E-01 
  1.8701454997062683E-01 
  1.8519772589206696E-01 
  1.8338117003440857E-01 
  1.8156434595584869E-01 
  1.7974753677845001E-01 
  1.7793096601963043E-01 
  1.7611390352249146E-01 
  1.7429733276367188E-01 
  1.7248052358627319E-01 
  1.7066371440887451E-01 
  1.6884714365005493E-01 
  1.6703020036220551E-01 
  1.6521339118480682E-01 
  1.6339682042598724E-01 
  1.6158001124858856E-01 
  1.5976318717002869E-01 
  1.5794637799263000E-01 
  1.5612980723381042E-01 
  1.5431293845176697E-01 
  1.5249618887901306E-01 
  1.5067942440509796E-01 
  1.4886267483234406E-01 
  1.4704589545726776E-01 
  2.1738952398300171E-01 
  2.1738952398300171E-01 
  1.4704589545726776E-01 
  1.4886267483234406E-01 
  1.5067942440509796E-01 
  1.5249618887901306E-01 
  1.5431293845176697E-01 
  1.5612980723381042E-01 
  1.5794637799263000E-01 
  1.5976318717002869E-01 
  1.6158001124858856E-01 
  1.6339682042598724E-01 
  1.6521339118480682E-01 
  1.6703020036220551E-01 
  1.6884714365005493E-01 
  1.7066371440887451E-01 
  1.7248052358627319E-01 
  1.7429733276367188E-01 
  1.7611390352249146E-01 
  1.7793096601963043E-01 
  1.7974753677845001E-01 
  1.8156434595584869E-01 
  1.8338117003440857E-01 
  1.8519772589206696E-01 
  1.8701454997062683E-01 
  1.8883161246776581E-01 
  1.9064816832542419E-01 
  1.9246473908424377E-01 
  1.9428180158138275E-01 
  1.9609837234020233E-01 
  1.9791494309902191E-01 
  1.9973249733448029E-01 
  2.0154857635498047E-01 
  2.0336562395095825E-01 
  2.0518170297145844E-01 
  2.0699925720691681E-01 
  2.0881582796573639E-01 
  2.1063239872455597E-01 
  2.1244896948337555E-01 
  2.1426601707935333E-01 
  2.1517504751682281E-01 
  2.2403994202613831E-01 
  2.2309346497058868E-01 
  2.2120155394077301E-01 
  2.1931013464927673E-01 
  2.1741873025894165E-01 
  2.1552732586860657E-01 
  2.1363489329814911E-01 
  2.1174399554729462E-01 
  2.0985206961631775E-01 
  2.0796117186546326E-01 
  2.0606873929500580E-01 
  2.0417733490467072E-01 
  2.0228593051433563E-01 
  2.0039400458335876E-01 
  1.9850260019302368E-01 
  1.9661119580268860E-01 
  1.9471926987171173E-01 
  1.9282761216163635E-01 
  1.9093619287014008E-01 
  1.8904453516006470E-01 
  1.8715286254882812E-01 
  1.8526145815849304E-01 
  1.8336954712867737E-01 
  1.8147812783718109E-01 
  1.7958647012710571E-01 
  1.7769479751586914E-01 
  1.7580339312553406E-01 
  1.7391160130500793E-01 
  1.7201994359493256E-01 
  1.7012852430343628E-01 
  1.6823686659336090E-01 
  1.6634519398212433E-01 
  1.6445353627204895E-01 
  1.6256213188171387E-01 
  1.6067039966583252E-01 
  1.5877880156040192E-01 
  1.5688720345497131E-01 
  1.5499560534954071E-01 
  1.5310396254062653E-01 
  2.2634564340114594E-01 
  2.2634564340114594E-01 
  1.5310396254062653E-01 
  1.5499560534954071E-01 
  1.5688720345497131E-01 
  1.5877880156040192E-01 
  1.6067039966583252E-01 
  1.6256213188171387E-01 
  1.6445353627204895E-01 
  1.6634519398212433E-01 
  1.6823686659336090E-01 
  1.7012852430343628E-01 
  1.7201994359493256E-01 
  1.7391160130500793E-01 
  1.7580339312553406E-01 
  1.7769479751586914E-01 
  1.7958647012710571E-01 
  1.8147812783718109E-01 
  1.8336954712867737E-01 
  1.8526145815849304E-01 
  1.8715286254882812E-01 
  1.8904453516006470E-01 
  1.9093619287014008E-01 
  1.9282761216163635E-01 
  1.9471926987171173E-01 
  1.9661119580268860E-01 
  1.9850260019302368E-01 
  2.0039400458335876E-01 
  2.0228593051433563E-01 
  2.0417733490467072E-01 
  2.0606873929500580E-01 
  2.0796117186546326E-01 
  2.0985206961631775E-01 
  2.1174399554729462E-01 
  2.1363489329814911E-01 
  2.1552732586860657E-01 
  2.1741873025894165E-01 
  2.1931013464927673E-01 
  2.2120155394077301E-01 
  2.2309346497058868E-01 
  2.2403994202613831E-01 
  2.3308561742305756E-01 
  2.3210093379020691E-01 
  2.3013262450695038E-01 
  2.2816485166549683E-01 
  2.2619707882404327E-01 
  2.2422929108142853E-01 
  2.2226046025753021E-01 
  2.2029320895671844E-01 
  2.1832491457462311E-01 
  2.1635766327381134E-01 
  2.1438883244991302E-01 
  2.1242105960845947E-01 
  2.1045327186584473E-01 
  2.0848497748374939E-01 
  2.0651718974113464E-01 
  2.0454941689968109E-01 
  2.0258112251758575E-01 
  2.0061308145523071E-01 
  1.9864529371261597E-01 
  1.9667725265026093E-01 
  1.9470921158790588E-01 
  1.9274143874645233E-01 
  1.9077314436435699E-01 
  1.8880535662174225E-01 
  1.8683731555938721E-01 
  1.8486927449703217E-01 
  1.8290150165557861E-01 
  1.8093332648277283E-01 
  1.7896528542041779E-01 
  1.7699751257896423E-01 
  1.7502947151660919E-01 
  1.7306143045425415E-01 
  1.7109338939189911E-01 
  1.6912561655044556E-01 
  1.6715751588344574E-01 
  1.6518953442573547E-01 
  1.6322156786918640E-01 
  1.6125358641147614E-01 
  1.5928557515144348E-01 
  2.3548442125320435E-01 
  2.3548442125320435E-01 
  1.5928557515144348E-01 
  1.6125358641147614E-01 
  1.6322156786918640E-01 
  1.6518953442573547E-01 
  1.6715751588344574E-01 
  1.6912561655044556E-01 
  1.7109338939189911E-01 
  1.7306143045425415E-01 
  1.7502947151660919E-01 
  1.7699751257896423E-01 
  1.7896528542041779E-01 
  1.8093332648277283E-01 
  1.8290150165557861E-01 
  1.8486927449703217E-01 
  1.8683731555938721E-01 
  1.8880535662174225E-01 
  1.9077314436435699E-01 
  1.9274143874645233E-01 
  1.9470921158790588E-01 
  1.9667725265026093E-01 
  1.9864529371261597E-01 
  2.0061308145523071E-01 
  2.0258112251758575E-01 
  2.0454941689968109E-01 
  2.0651718974113464E-01 
  2.0848497748374939E-01 
  2.1045327186584473E-01 
  2.1242105960845947E-01 
  2.1438883244991302E-01 
  2.1635766327381134E-01 
  2.1832491457462311E-01 
  2.2029320895671844E-01 
  2.2226046025753021E-01 
  2.2422929108142853E-01 
  2.2619707882404327E-01 
  2.2816485166549683E-01 
  2.3013262450695038E-01 
  2.3210093379020691E-01 
  2.3308561742305756E-01 
  2.4128021299839020E-01 
  2.4026091396808624E-01 
  2.3822341859340668E-01 
  2.3618645966053009E-01 
  2.3414950072765350E-01 
  2.3211254179477692E-01 
  2.3007449507713318E-01 
  2.2803808748722076E-01 
  2.2600057721138000E-01 
  2.2396416962146759E-01 
  2.2192610800266266E-01 
  2.1988914906978607E-01 
  2.1785220503807068E-01 
  2.1581469476222992E-01 
  2.1377773582935333E-01 
  2.1174077689647675E-01 
  2.0970328152179718E-01 
  2.0766603946685791E-01 
  2.0562908053398132E-01 
  2.0359185338020325E-01 
  2.0155462622642517E-01 
  1.9951766729354858E-01 
  1.9748015701770782E-01 
  1.9544321298599243E-01 
  1.9340597093105316E-01 
  1.9136874377727509E-01 
  1.8933178484439850E-01 
  1.8729442358016968E-01 
  1.8525718152523041E-01 
  1.8322023749351501E-01 
  1.8118299543857574E-01 
  1.7914576828479767E-01 
  1.7710854113101959E-01 
  1.7507158219814301E-01 
  1.7303428053855896E-01 
  1.7099711298942566E-01 
  1.6895996034145355E-01 
  1.6692279279232025E-01 
  1.6488559544086456E-01 
  2.4376335740089417E-01 
  2.4376335740089417E-01 
  1.6488559544086456E-01 
  1.6692279279232025E-01 
  1.6895996034145355E-01 
  1.7099711298942566E-01 
  1.7303428053855896E-01 
  1.7507158219814301E-01 
  1.7710854113101959E-01 
  1.7914576828479767E-01 
  1.8118299543857574E-01 
  1.8322023749351501E-01 
  1.8525718152523041E-01 
  1.8729442358016968E-01 
  1.8933178484439850E-01 
  1.9136874377727509E-01 
  1.9340597093105316E-01 
  1.9544321298599243E-01 
  1.9748015701770782E-01 
  1.9951766729354858E-01 
  2.0155462622642517E-01 
  2.0359185338020325E-01 
  2.0562908053398132E-01 
  2.0766603946685791E-01 
  2.0970328152179718E-01 
  2.1174077689647675E-01 
  2.1377773582935333E-01 
  2.1581469476222992E-01 
  2.1785220503807068E-01 
  2.1988914906978607E-01 
  2.2192610800266266E-01 
  2.2396416962146759E-01 
  2.2600057721138000E-01 
  2.2803808748722076E-01 
  2.3007449507713318E-01 
  2.3211254179477692E-01 
  2.3414950072765350E-01 
  2.3618645966053009E-01 
  2.3822341859340668E-01 
  2.4026091396808624E-01 
  2.4128021299839020E-01 
