xH2: [0.13734576 0.1411668  0.1471668  0.15037487 0.15258347 0.1545387
 0.15644574 0.1582553  0.15983907 0.1611894 ]
nH2: [6.34512975e+18 6.16016068e+18 5.06849427e+18 3.56186846e+18
 2.10372900e+18 1.06722958e+18 5.14169808e+17 2.52633997e+17
 1.29377204e+17 6.71228935e+16]
GammaxH2: [1.48325837e+22 1.44693131e+22 1.26788994e+22 1.10837921e+22
 7.75892990e+21 3.95595417e+21 1.93174839e+21 9.68221709e+20
 5.11776387e+20 2.79692611e+20]
TH2: [0.         0.         0.         0.         0.         0.
 0.         0.         0.         1.39386848]
qxH2_total: [1108.14280749 1079.5056501   921.0549726   692.39692034  405.76634373
  231.33549749  136.78894631   91.19647928   69.46370411  172.39943897]
nHP: [3.91883957e+17 4.74347062e+17 5.60769518e+17 6.80795497e+17
 4.99600325e+17 2.66952976e+17 1.28612590e+17 6.33871788e+16
 3.38064263e+16 1.87332794e+16]
THP: [ 9.25226988  9.27082579 10.72824291 14.90228368 17.3029099  18.05338288
 18.05338288 18.09964378 18.73309898 19.85311025]
SH: [9.65287596e+21 4.13512293e+22 1.69697129e+23 2.96160021e+23
 2.52812753e+23 1.43633129e+23 7.09483623e+22 3.67179262e+22
 2.13229661e+22 1.27974488e+22]
SP: [3.95392015e+22 1.68602365e+23 7.76713958e+23 1.75042612e+24
 1.67222383e+24 9.80739807e+23 4.84441741e+23 2.51192844e+23
 1.49661338e+23 9.37739007e+22]
xH: [0.13734576 0.13761754 0.13801754 0.13841754 0.13881754 0.13921754
 0.13961754 0.14001754 0.14041754 0.14081754 0.14121754 0.14161754
 0.14201754 0.14241754 0.14281754 0.14321754 0.14361754 0.14401754
 0.14441754 0.14481754 0.14521754 0.14561754 0.14601754 0.14641754
 0.14681754 0.14721754 0.14761754 0.14801754 0.14841754 0.14881754
 0.14921754 0.14961754 0.15001754 0.15041754 0.15081754 0.15121754
 0.15161754 0.15201754 0.15241754 0.15281754 0.15321754 0.15361754
 0.15401754 0.15441754 0.15481754 0.15521754 0.15561754 0.15601754
 0.15641754 0.15681754 0.15721754 0.15761754 0.15801754 0.15841754
 0.15881754 0.15921754 0.15961754 0.16001754 0.16041754 0.16081754
 0.16121754 0.16161754 0.16201754 0.16241754 0.16281754 0.16321754
 0.16361754 0.16401754 0.16441754 0.16481754 0.16521754 0.16561754
 0.16601754 0.16641754 0.16681754 0.16721754 0.16761754 0.16801754
 0.16841754 0.16881754 0.16921754 0.16961754 0.17001754 0.17041754
 0.17081754 0.17121754 0.17161754 0.17201754 0.17241754 0.17281754
 0.17321754 0.17361754 0.17401754 0.17441754 0.17481754 0.17521754
 0.17561754 0.17601754 0.17641754 0.17681754 0.17721754 0.17761754
 0.17801754 0.17841754 0.17881754 0.17921754 0.17961754 0.18001754
 0.18041754 0.18081754 0.18121754 0.18161754 0.18201754 0.18241754
 0.18281754 0.18321754 0.18361754 0.18401754 0.18441754 0.18481754
 0.18521754 0.18561754 0.18601754 0.18641754 0.18681754 0.18721754
 0.18761754 0.18801754 0.18841754 0.18881754 0.18921754 0.18961754
 0.19001754 0.19041754 0.19081754 0.19121754 0.19161754 0.19201754
 0.19241754 0.19281754 0.19321754 0.19361754 0.19401754 0.19441754
 0.19481754]
nH: [2.35413946e+17 2.35688662e+17 2.36159361e+17 2.36757990e+17
 2.37442136e+17 2.38176872e+17 2.38941780e+17 2.39707958e+17
 2.40473103e+17 2.41274518e+17 2.42141814e+17 2.43080938e+17
 2.44099923e+17 2.45199002e+17 2.46380695e+17 2.47644988e+17
 2.48986331e+17 2.50399340e+17 2.51880171e+17 2.53444160e+17
 2.55099411e+17 2.56843008e+17 2.58676717e+17 2.60593339e+17
 2.62600050e+17 2.64696704e+17 2.66867398e+17 2.69092074e+17
 2.71339303e+17 2.73585926e+17 2.75798698e+17 2.77927379e+17
 2.79917580e+17 2.81704078e+17 2.83208170e+17 2.84378121e+17
 2.85201048e+17 2.85677836e+17 2.85827848e+17 2.85627955e+17
 2.85010612e+17 2.83973855e+17 2.82574880e+17 2.80868247e+17
 2.78916821e+17 2.76777267e+17 2.74489690e+17 2.72093758e+17
 2.69626876e+17 2.67119344e+17 2.64591788e+17 2.62053561e+17
 2.59511525e+17 2.56977882e+17 2.54450488e+17 2.51929729e+17
 2.49418367e+17 2.46916109e+17 2.44440494e+17 2.42005507e+17
 2.36496147e+17 2.27883275e+17 2.19266642e+17 2.10675773e+17
 2.02154531e+17 1.93740440e+17 1.85468953e+17 1.77377737e+17
 1.69484977e+17 1.61796931e+17 1.54319467e+17 1.47024852e+17
 1.39874170e+17 1.32817088e+17 1.25602171e+17 1.18081973e+17
 1.10217823e+17 1.01939734e+17 9.34309380e+16 8.50993530e+16
 7.72316463e+16 6.96493593e+16 6.21473177e+16 5.48797462e+16
 4.81702627e+16 4.21873417e+16 3.69491983e+16 3.24508742e+16
 2.86103025e+16 2.53319394e+16 2.25312306e+16 2.01332145e+16
 1.80753581e+16 1.63053297e+16 1.47798988e+16 1.34623381e+16
 1.23210993e+16 1.13297923e+16 1.04660993e+16 9.71146303e+15
 9.05011356e+15 8.46860689e+15 7.95566250e+15 7.50157993e+15
 7.09837367e+15 6.73919590e+15 6.41791387e+15 6.12931819e+15
 5.86897480e+15 5.63309825e+15 5.41844653e+15 5.22223380e+15
 5.04205776e+15 4.87583874e+15 4.72176797e+15 4.57826201e+15
 4.44397318e+15 4.31774577e+15 4.19854828e+15 4.08556240e+15
 3.97808862e+15 3.87543345e+15 3.77696938e+15 3.68212795e+15
 3.59039027e+15 3.50127701e+15 3.41433894e+15 3.32914566e+15
 3.24528502e+15 3.16240098e+15 3.08014514e+15 2.99811330e+15
 2.91585512e+15 2.83285478e+15 2.74850017e+15 2.66203726e+15
 2.57250047e+15 2.47860147e+15 2.37853929e+15 2.26965037e+15
 2.14770968e+15 2.00543383e+15 1.82912666e+15 1.59114949e+15
 1.23494287e+15]
GammaxH: [-2.87935692e+21 -2.87378808e+21 -2.86352644e+21 -2.85079301e+21
 -2.83553119e+21 -2.81769507e+21 -2.79725845e+21 -2.77418304e+21
 -2.74846704e+21 -2.72016497e+21 -2.68905597e+21 -2.65305752e+21
 -2.61035773e+21 -2.56096490e+21 -2.50489231e+21 -2.44215136e+21
 -2.37274701e+21 -2.29668587e+21 -2.21397978e+21 -2.12468059e+21
 -2.02883270e+21 -1.92650486e+21 -1.81780946e+21 -1.70283969e+21
 -1.58180233e+21 -1.45453949e+21 -1.31828178e+21 -1.17063723e+21
 -1.01174433e+21 -8.41852846e+20 -6.61207064e+20 -4.69981675e+20
 -2.68364580e+20 -5.74976105e+19  1.53152006e+20  3.55131055e+20
  5.48519621e+20  7.33496532e+20  9.10165923e+20  1.07545519e+21
  1.22385688e+21  1.35326970e+21  1.46412982e+21  1.55665634e+21
  1.63311488e+21  1.69657773e+21  1.74796151e+21  1.78732930e+21
  1.81469964e+21  1.83288341e+21  1.84491568e+21  1.85091038e+21
  1.85071499e+21  1.84482751e+21  1.83441605e+21  1.82010979e+21
  1.80168533e+21  1.77904998e+21  1.75259488e+21  1.72234974e+21
  1.68336459e+21  1.63727884e+21  1.59050223e+21  1.54317390e+21
  1.49551707e+21  1.44773412e+21  1.40004260e+21  1.35267988e+21
  1.30578177e+21  1.25940757e+21  1.21362162e+21  1.16825516e+21
  1.12304760e+21  1.07769273e+21  1.03057942e+21  9.80724156e+20
  9.27830574e+20  8.71424487e+20  8.12629564e+20  7.53646780e+20
  6.96098487e+20  6.39035469e+20  5.81343150e+20  5.24390699e+20
  4.70545830e+20  4.21206493e+20  3.76807397e+20  3.37463653e+20
  3.02835833e+20  2.72531954e+20  2.46135451e+20  2.23172681e+20
  2.03222019e+20  1.85909737e+20  1.70913591e+20  1.57944971e+20
  1.46740072e+20  1.37068767e+20  1.28730563e+20  1.21548870e+20
  1.15369735e+20  1.10058000e+20  1.05494387e+20  1.01576458e+20
  9.82085320e+19  9.53079525e+19  9.28106031e+19  9.06618857e+19
  8.88152728e+19  8.72311408e+19  8.58757881e+19  8.47206063e+19
  8.37413760e+19  8.29176704e+19  8.22323561e+19  8.16711779e+19
  8.12193431e+19  8.08628191e+19  8.05907905e+19  8.03876534e+19
  8.02409926e+19  8.01474905e+19  8.01048664e+19  8.01117759e+19
  8.01677235e+19  8.02729943e+19  8.04285470e+19  8.06360216e+19
  8.08968039e+19  8.12087907e+19  8.15715296e+19  8.19894797e+19
  8.24679334e+19  8.30131152e+19  8.36324002e+19  8.43346258e+19
  8.51305432e+19  8.60334909e+19  8.70604389e+19  8.82336929e+19
  8.95838887e+19  9.11556873e+19  9.30194334e+19  9.52961985e+19
  9.82104823e+19]
TH: [ 10.00226529  10.00497725  10.01018671  10.01679031  10.02485048
  10.0344052   10.0454454   10.0579933   10.07198123  10.0871882
  10.10356963  10.12227738  10.14415413  10.16884806  10.19595974
  10.2250679   10.25575228  10.28757256  10.32006105  10.3525992
  10.38458946  10.41543205  10.44445644  10.47110548  10.49464174
  10.51450885  10.53069465  10.542651    10.54921585  10.5489774
  10.5405168   10.52247197  10.49330666  10.45143722  10.39631788
  10.32863459  10.24872626  10.15658555  10.05158836   9.93577302
   9.81413396   9.69017549   9.56576744   9.44239104   9.32110096
   9.20248312   9.08721804   8.9762414    8.87037869   8.76919235
   8.67186938   8.57838379   8.48873714   8.40286123   8.32005871
   8.23981131   8.1620517    8.08651002   8.01279334   7.9404819
   7.95863199   8.0764931    8.21027935   8.36107834   8.52970363
   8.7170006    8.92373629   9.15048968   9.39825387   9.66844181
   9.96261816  10.2841017   10.63769123  11.03026192  11.48397491
  12.02251689  12.6700919   13.46251785  14.42040885  15.53665995
  16.80556426  18.29460063  20.11310053  22.31802997  24.89342768
  27.81471301  31.07127402  34.62407019  38.46030778  42.57350805
  46.94783524  51.56487273  56.40033427  61.42428899  66.59919315
  71.88358577  77.23581178  82.61246919  87.97066172  93.26714931
  98.46177608 103.51872816 108.4056137  113.09589844 117.56595416
 121.79923252 125.78790714 129.52762011 133.0174176  136.25938966
 139.25821542 142.02069538 144.55530327 146.87176906 148.98067665
 150.89294251 152.61938075 154.17111637 155.55919436 156.7943094
 157.88822925 158.85278427 159.69852008 160.43526862 161.07230755
 161.61845754 162.08218835 162.47165298 162.79470902 163.06002501
 163.27775094 163.45896421 163.61632404 163.76558619 163.92744569
 164.13033408 164.41496558 164.84215101 165.50717811 166.56854814
 168.31081476 171.2948638  176.74834325 187.65384508 211.69177557]
qxH_total: [-34137.54196926 -34127.4922909  -34108.26559039 -34085.10266203
 -34056.89390026 -34022.80145424 -33982.3840709  -33935.03207234
 -33880.71419837 -33820.24665578 -33753.5181818  -33674.7227012
 -33578.73552747 -33465.33613302 -33334.3309456  -33185.48175758
 -33018.45701788 -32832.92689839 -32628.56903598 -32405.20171169
 -32162.48200652 -31900.1292821  -31618.07722209 -31316.1375016
 -30994.58946097 -30652.10327533 -30275.43128678 -29852.11232698
 -29380.33334634 -28858.42209203 -28284.69168663 -27657.24118962
 -26974.08085529 -26236.86474741 -25478.7920366  -24730.63123338
 -23992.55752458 -23264.54655626 -22546.6447998  -21854.16127957
 -21213.37965295 -20635.03508997 -20118.79885473 -19664.91293295
 -19266.64422767 -18913.83998101 -18603.46569624 -18335.67007577
 -18110.42962459 -17915.97097121 -17739.75211032 -17580.20254251
 -17436.2072024  -17304.66389667 -17178.52307949 -17053.30345267
 -16928.35285397 -16801.6863175  -16670.34330892 -16532.71150965
 -16409.10103074 -16295.82879232 -16169.00337227 -16029.09220225
 -15877.87099139 -15716.86753468 -15547.36015055 -15371.26524604
 -15189.35582495 -15002.16546238 -14810.16469674 -14612.08840189
 -14405.9931035  -14185.89305397 -13920.86585382 -13582.73581621
 -13141.85568431 -12552.87628459 -11808.19745775 -10995.11119325
 -10189.51622515  -9325.5819827   -8305.67825776  -7113.59515819
  -5841.75195206  -4565.54475431  -3326.86528721  -2182.86317556
  -1140.35376438   -180.50763917    711.14056515   1540.75291457
   2313.73093528   3034.88265241   3708.37440916   4337.97975884
   4926.86375116   5477.74463934   5993.33341024   6475.3903758
   6925.75976757   7346.21847427   7738.0232762    8102.81597883
   8440.8192977    8752.61758983   9040.43752287   9306.35880514
   9552.31967955   9780.13279067   9991.49868506  10188.0179699
  10371.20177879  10542.48119821  10703.21676199  10854.70908368
  10997.75221611  11132.89967753  11260.88391714  11381.47729468
  11494.69934784  11601.68286134  11703.49971835  11801.17274482
  11895.68363481  11987.9796997   12078.97233171  12169.54876588
  12260.45259642  12351.85002366  12444.03897707  12537.88791361
  12634.26595915  12734.04555848  12838.11235368  12947.37621657
  13062.78450653  13185.33910526  13316.1192855   13456.31384267
  13607.27011074  13770.57670196  13948.23629015  14143.18683184
  14361.59358351]
NetHSource: [4.61132136e+22 5.02419228e+22 5.91389757e+22 6.78128414e+22
 7.54172906e+22 8.30239672e+22 9.00093333e+22 9.66976401e+22
 1.03638572e+23 1.11647348e+23 1.21018417e+23 1.39835773e+23
 1.58815515e+23 1.77881572e+23 1.97240371e+23 2.16635372e+23
 2.36161288e+23 2.55771740e+23 2.75628128e+23 2.96479176e+23
 3.17403010e+23 3.38833208e+23 3.60576075e+23 3.82648266e+23
 4.05795812e+23 4.30956782e+23 4.68938133e+23 5.07173599e+23
 5.45830498e+23 5.85703786e+23 6.25794304e+23 6.66434313e+23
 7.07403102e+23 7.43359385e+23 7.36902190e+23 7.30411719e+23
 7.22806161e+23 7.14570451e+23 7.05782232e+23 6.78046686e+23
 6.37910408e+23 5.96219554e+23 5.53516365e+23 5.11127142e+23
 4.76207198e+23 4.45325045e+23 4.13750636e+23 3.81992338e+23
 3.50322118e+23 3.33349593e+23 3.17435032e+23 3.02567437e+23
 2.88159994e+23 2.77105766e+23 2.72215769e+23 2.67259525e+23
 2.63770983e+23 2.62132339e+23 2.62189646e+23 2.63408325e+23
 2.36544907e+23 2.36784784e+23 2.36553368e+23 2.35627473e+23
 2.33474710e+23 2.30946833e+23 2.27327646e+23 2.23137090e+23
 2.18800919e+23 2.14403241e+23 2.09868078e+23 2.06924178e+23
 2.04440780e+23 2.04568307e+23 2.16772030e+23 2.26715339e+23
 2.43899504e+23 2.61676127e+23 2.71926295e+23 2.65077087e+23
 2.57080757e+23 2.65414564e+23 2.77096017e+23 2.80601305e+23
 2.69171053e+23 2.57131605e+23 2.39252838e+23 2.20474615e+23
 2.03807758e+23 1.89029086e+23 1.76015292e+23 1.64520231e+23
 1.54371583e+23 1.45380124e+23 1.37296073e+23 1.30152348e+23
 1.23770784e+23 1.18085806e+23 1.13002380e+23 1.08348887e+23
 1.04192360e+23 1.00364090e+23 9.68767229e+22 9.36838915e+22
 9.05920571e+22 8.77830428e+22 8.52236316e+22 8.28832814e+22
 8.07354877e+22 7.87571728e+22 7.69281796e+22 7.52308528e+22
 7.36496495e+22 7.21708264e+22 7.07821621e+22 6.94726797e+22
 6.81765907e+22 6.69184450e+22 6.56859222e+22 6.43640341e+22
 6.30954836e+22 6.18743661e+22 6.06951758e+22 5.95528181e+22
 5.84425064e+22 5.73597367e+22 5.62991400e+22 5.52570747e+22
 5.42124405e+22 5.31082292e+22 5.20143484e+22 5.09275139e+22
 4.98429076e+22 4.87550149e+22 4.76573232e+22 4.65418587e+22
 4.53984736e+22 4.42137228e+22 4.29689641e+22 4.16367773e+22
 4.01739796e+22 3.85065334e+22 3.64956080e+22 3.38601379e+22
 3.00144520e+22]
Sion: [9.09909027e+20 1.24612469e+21 1.74287785e+21 2.18763774e+21
 2.39713681e+21 2.60612124e+21 2.67931465e+21 2.68790599e+21
 2.75168004e+21 3.04733608e+21 3.34918859e+21 3.71630238e+21
 4.11691301e+21 4.53446643e+21 5.01356080e+21 5.49888075e+21
 6.01090867e+21 6.53957997e+21 7.12541882e+21 7.95315309e+21
 8.80111004e+21 9.99557612e+21 1.14298532e+22 1.31125015e+22
 1.56151381e+22 1.83685313e+22 2.14646135e+22 2.48720844e+22
 2.86833468e+22 3.33874023e+22 3.84595928e+22 4.40646973e+22
 5.01141164e+22 5.64087010e+22 6.25637354e+22 6.89329732e+22
 7.46669097e+22 8.01050496e+22 8.52979441e+22 8.90839191e+22
 9.27927927e+22 9.50269588e+22 9.64926821e+22 9.76019705e+22
 9.75689127e+22 9.74503452e+22 9.71108328e+22 9.66507758e+22
 9.62170521e+22 9.60121520e+22 9.57890692e+22 9.61596236e+22
 9.67921146e+22 9.77082183e+22 9.99656196e+22 1.02201340e+23
 1.05650513e+23 1.09671950e+23 1.13940862e+23 1.19379956e+23
 1.23215685e+23 1.25502583e+23 1.27553042e+23 1.29119519e+23
 1.29952972e+23 1.30422928e+23 1.30093127e+23 1.29265099e+23
 1.28218229e+23 1.27082194e+23 1.25704031e+23 1.25539536e+23
 1.25652525e+23 1.27422696e+23 1.37517088e+23 1.45889824e+23
 1.59090050e+23 1.72283150e+23 1.80209841e+23 1.78129474e+23
 1.74263241e+23 1.80590925e+23 1.87725917e+23 1.88094710e+23
 1.78635808e+23 1.68091725e+23 1.54161282e+23 1.39932715e+23
 1.27089788e+23 1.15447254e+23 1.05170716e+23 9.60955597e+22
 8.80972875e+22 8.10381433e+22 7.47499153e+22 6.92258398e+22
 6.43442968e+22 6.00371717e+22 5.62292331e+22 5.28205097e+22
 4.98075691e+22 4.71013908e+22 4.46827984e+22 4.25136033e+22
 4.05107655e+22 3.87190359e+22 3.71107989e+22 3.56617344e+22
 3.43509143e+22 3.31602837e+22 3.20742209e+22 3.10791777e+22
 3.01633632e+22 2.93164782e+22 2.85294814e+22 2.77943771e+22
 2.70881093e+22 2.64145407e+22 2.57671404e+22 2.51110626e+22
 2.44849746e+22 2.38850217e+22 2.33076960e+22 2.27498072e+22
 2.22084217e+22 2.16808197e+22 2.11641493e+22 2.06560979e+22
 2.01497171e+22 1.96287641e+22 1.91111153e+22 1.85946368e+22
 1.80766278e+22 1.75539775e+22 1.70229793e+22 1.64790501e+22
 1.59163019e+22 1.53268605e+22 1.46996996e+22 1.40184870e+22
 1.32572930e+22 1.23713849e+22 1.12766094e+22 9.80313703e+21
 7.60353101e+21]
QH_total: [ 110957.98657286  123203.09760494  143256.9477848   163620.85746159
  182792.40229791  202065.21718723  220392.75249576  238241.73121738
  256508.66352505  276638.88530375  300724.66681355  351433.98833011
  403285.84997709  456162.22862009  510652.27385663  566142.39178508
  622934.23901796  680937.38435521  740741.89401781  805325.46719483
  871647.82073509  940409.62648614 1011176.36063689 1084058.41456965
 1160706.91856757 1246878.07333404 1392130.4079442  1543319.87674596
 1701156.82124857 1869106.80893842 2042795.49641612 2224214.0066138
 2412284.07071834 2587165.81171892 2607727.85945461 2626923.5825698
 2640347.9030577  2650107.19091311 2656445.67032174 2575755.18828525
 2438276.3028494  2293169.47276359 2143234.1251507  1991138.67489941
 1864654.57908155 1752911.82760527 1638418.85883983 1522879.80144557
 1408376.4378856  1354377.82173168 1304771.26458919 1263628.57119886
 1226730.48150265 1205172.25719806 1213765.85083878 1222736.10683191
 1241158.00755647 1269775.50024801 1306666.43241585 1349396.90251738
 1288765.5446473  1347631.16043715 1405406.22508395 1460752.49740157
 1504680.27040268 1548443.94337338 1581960.01022936 1610564.63359499
 1638823.12184032 1665848.22901612 1692761.99995412 1737136.94274341
 1789595.18199497 1888229.51139885 2199532.86881315 2523551.17825948
 3050345.83769561 3699340.57722085 4268752.49999285 4347789.30708925
 4426555.75933452 4992240.81050359 5791380.076199   6470508.63913949
 6634664.59667772 6791080.40683035 6649706.45493762 6394440.30943312
 6172866.72437652 6000827.78827932 5843939.54157698 5699460.5561301
 5566275.94190296 5442453.42575292 5323423.21128961 5212813.98336206
 5106388.26852348 5005497.20942135 4909311.81090839 4811207.5138284
 4719038.74519439 4625078.67020017 4533181.12266028 4442963.31490008
 4343225.64119041 4248648.8320177  4158973.66462761 4073840.41140472
 3992923.40269407 3915925.88850037 3842578.78227789 3772637.5016107
 3705877.36434648 3642091.87132858 3581091.99947975 3522703.64868795
 3462643.18914996 3403155.32164188 3343752.58942181 3276308.09159527
 3211545.29999214 3149313.07410657 3089469.58327879 3031884.82712748
 2976435.38557459 2923007.88737215 2871419.40086183 2821614.76090481
 2772253.88910564 2719314.39675597 2668113.49844597 2618636.4731717
 2570798.89324125 2524520.61849874 2479725.93086348 2436342.6012186
 2394301.10768194 2353534.4976685  2313978.08140595 2275565.36831384
 2238229.14463    2201893.87576469 2166465.526475   2131809.18501106
 2097711.99224789]
SideWallH: [0. 0. 0. 0. 0. 0. 0. 0. 0. 0. 0. 0. 0. 0. 0. 0. 0. 0. 0. 0. 0. 0. 0. 0.
 0. 0. 0. 0. 0. 0. 0. 0. 0. 0. 0. 0. 0. 0. 0. 0. 0. 0. 0. 0. 0. 0. 0. 0.
 0. 0. 0. 0. 0. 0. 0. 0. 0. 0. 0. 0. 0. 0. 0. 0. 0. 0. 0. 0. 0. 0. 0. 0.
 0. 0. 0. 0. 0. 0. 0. 0. 0. 0. 0. 0. 0. 0. 0. 0. 0. 0. 0. 0. 0. 0. 0. 0.
 0. 0. 0. 0. 0. 0. 0. 0. 0. 0. 0. 0. 0. 0. 0. 0. 0. 0. 0. 0. 0. 0. 0. 0.
 0. 0. 0. 0. 0. 0. 0. 0. 0. 0. 0. 0. 0. 0. 0. 0. 0. 0. 0. 0. 0. 0. 0. 0.
 0.]
Lyman: [148088.30562357 153623.40467243 140853.7922572  124981.22984855
 118055.53071528 111566.69833732 109811.40811892 110163.52276071
 108751.65891892 100498.33533762  93014.02617037  84955.23091881
  77395.58282116  70696.00943213  64156.60647742  58621.90050282
  53702.8729647   49425.97853844  45495.59106418  41145.7494574
  37601.81440513  35537.63128121  34230.89667281  33388.46791609
  33624.28420982  33908.50829766  34335.2795045   34886.81298635
  35550.46570563  36398.46553487  37409.4040912   38510.57687444
  39743.18613876  41080.37749067  42319.01302915  43642.18487124
  44770.36285093  45799.99012888  46763.70391269  47342.47569219
  47877.34334548  47829.46320665  47481.18152546  47031.99276668
  46295.27420692  45536.80598837  44865.91950801  44231.75980064
  43556.51739192  42729.60626113  41913.07468573  40901.03887688
  39823.98807792  38811.60607076  37962.49732695  37158.12338405
  36628.7162865   36251.66163468  35999.36425713  36165.82482977
  35889.24487001  35448.98283077  35105.25615564  34767.52631057
  34630.74112942  34410.53201241  34240.44828187  34048.16602698
  33801.17213563  33587.69992902  33293.04924371  33093.67516632
  32865.73722065  32267.68612453  30677.09210499  29247.68959381
  27602.97424355  26166.86195926  25328.89511753  25953.95292539
  26066.25619207  25672.5801793   24656.16148747  23032.67768633
  21178.94805494  19016.37288767  16930.18803802  14984.93315435
  13186.40513368  11579.19956732  10168.40748991   8941.87522111
   7881.70799379   6970.29601817   6194.1850116    5528.65374253
   4958.89891423   4469.42164653   4047.96318176   3686.46602442
   3372.78944651   3101.87007454   2866.09041461   2660.21566188
   2482.73529687   2325.94311861   2186.82393075   2062.87437615
   1951.98480305   1852.37198784   1762.52415578   1681.15464886
   1607.16445665   1539.61112688   1477.68310811   1420.67761834
   1368.6885074    1320.75599303   1276.46489009   1236.673572
   1199.31135603   1164.09656378   1130.77643123   1099.12357374
   1068.93220781   1040.01377498   1012.20399865    985.33154684
    959.40259548    934.77248639    910.59309457    886.7114176
    862.97226856    839.20239643    815.20106118    790.72622726
    765.47372417    739.04382395    710.88451109    680.18722728
    645.67853878    605.17462766    554.58185456    485.64826471
    381.47024254]
Balmer: [823.87296873 869.04348113 834.06300671 772.72657217 743.97738322
 715.98279481 708.72388219 710.99641175 705.21450258 667.24205686
 631.48776405 591.42324809 552.3682472  516.50422083 480.20398033
 448.45467119 419.3456245  393.29511895 368.7260275  340.82153098
 317.35293169 304.73350288 297.26247588 292.72400406 296.04241699
 298.51492104 300.95740391 303.3746635  305.78138914 308.40651494
 311.66678109 315.08351198 319.1293602  323.84073262 328.20860678
 333.13584931 337.35806247 341.22795947 344.88936909 346.84350703
 348.52266055 347.21838357 344.31712531 340.85131213 335.95276854
 330.88679013 326.33352171 321.98697314 317.37218091 311.80742352
 306.29988307 299.51288874 292.28975458 285.39732679 279.23799787
 273.40246453 269.07628525 265.68275095 263.12333753 263.08075548
 259.96002539 255.39598166 251.55603933 247.90227746 245.56148422
 242.85979114 240.54295635 238.18082135 235.59346834 233.31040079
 230.62989001 228.82662127 227.06110113 223.57289759 215.9130415
 208.96276049 201.54280155 195.25385261 191.98132806 197.49555638
 199.36530429 199.41706239 194.88053498 184.72799475 171.62650736
 155.7962897  139.95495111 124.86442715 110.73490615  97.93596038
  86.60181101  76.66254389  68.00109225  60.49520815  54.04863432
  48.48292231  43.68560823  39.53954071  35.94969093  32.85046281
  30.14923917  27.80211418  25.74941061  23.94833769  22.38180081
  20.99288353  19.75628569  18.65085475  17.65869674  16.76463396
  15.95575997  15.22106023  14.55110273  13.93778091  13.37410093
  12.85399634  12.37650527  11.93439704  11.52394042  11.14920287
  10.79685287  10.46440637  10.14963432   9.85053369   9.56529282
   9.29225571   9.02995131   8.77690402   8.5326612    8.29872643
   8.06994677   7.84504291   7.62270198   7.40147377   7.17969534
   6.95538033   6.7260526    6.4884798    6.23822081   5.96879331
   5.6700124    5.32443451   4.89938842   4.32907213   3.47887477]
tiempo_ejecución: 42.81616163253784
