xH2: [0.13734576 0.14116474 0.14716474 0.1503757  0.15258414 0.15453934
 0.15644603 0.15825279 0.15983691 0.16118734]
nH2: [6.34547436e+18 6.16066108e+18 5.06953526e+18 3.56250725e+18
 2.10459381e+18 1.06762375e+18 5.14393786e+17 2.52911413e+17
 1.29411684e+17 6.71441617e+16]
GammaxH2: [1.48319552e+22 1.44690008e+22 1.26801540e+22 1.10863982e+22
 7.76188838e+21 3.95730420e+21 1.93254279e+21 9.69237693e+20
 5.11906458e+20 2.79779402e+20]
TH2: [0.         0.         0.         0.         0.         0.
 0.         0.         0.         1.39418752]
qxH2_total: [1108.08649885 1079.47646545  921.14755884  692.47853347  405.90957116
  231.41447917  136.84640158   91.26629537   69.49360139  172.48847591]
nHP: [3.91905241e+17 4.74364690e+17 5.60661667e+17 6.80418901e+17
 4.99821807e+17 2.67051573e+17 1.28668615e+17 6.35030481e+16
 3.38125388e+16 1.87419174e+16]
THP: [ 9.25226988  9.27082247 10.7260142  14.89461114 17.30335769 18.05338288
 18.05338288 18.11066293 18.73171866 19.85569909]
SH: [9.65340022e+21 4.13340237e+22 1.69616614e+23 2.95960140e+23
 2.52931906e+23 1.43687660e+23 7.09912621e+22 3.68101644e+22
 2.13240386e+22 1.28000150e+22]
SP: [3.95413489e+22 1.68532352e+23 7.76217311e+23 1.74855744e+24
 1.67304445e+24 9.81112149e+23 4.84734665e+23 2.51938312e+23
 1.49660663e+23 9.38017421e+22]
xH: [0.13734576 0.13761783 0.13801783 0.13841783 0.13881783 0.13921783
 0.13961783 0.14001783 0.14041783 0.14081783 0.14121783 0.14161783
 0.14201783 0.14241783 0.14281783 0.14321783 0.14361783 0.14401783
 0.14441783 0.14481783 0.14521783 0.14561783 0.14601783 0.14641783
 0.14681783 0.14721783 0.14761783 0.14801783 0.14841783 0.14881783
 0.14921783 0.14961783 0.15001783 0.15041783 0.15081783 0.15121783
 0.15161783 0.15201783 0.15241783 0.15281783 0.15321783 0.15361783
 0.15401783 0.15441783 0.15481783 0.15521783 0.15561783 0.15601783
 0.15641783 0.15681783 0.15721783 0.15761783 0.15801783 0.15841783
 0.15881783 0.15921783 0.15961783 0.16001783 0.16041783 0.16081783
 0.16121783 0.16161783 0.16201783 0.16241783 0.16281783 0.16321783
 0.16361783 0.16401783 0.16441783 0.16481783 0.16521783 0.16561783
 0.16601783 0.16641783 0.16681783 0.16721783 0.16761783 0.16801783
 0.16841783 0.16881783 0.16921783 0.16961783 0.17001783 0.17041783
 0.17081783 0.17121783 0.17161783 0.17201783 0.17241783 0.17281783
 0.17321783 0.17361783 0.17401783 0.17441783 0.17481783 0.17521783
 0.17561783 0.17601783 0.17641783 0.17681783 0.17721783 0.17761783
 0.17801783 0.17841783 0.17881783 0.17921783 0.17961783 0.18001783
 0.18041783 0.18081783 0.18121783 0.18161783 0.18201783 0.18241783
 0.18281783 0.18321783 0.18361783 0.18401783 0.18441783 0.18481783
 0.18521783 0.18561783 0.18601783 0.18641783 0.18681783 0.18721783
 0.18761783 0.18801783 0.18841783 0.18881783 0.18921783 0.18961783
 0.19001783 0.19041783 0.19081783 0.19121783 0.19161783 0.19201783
 0.19241783 0.19281783 0.19321783 0.19361783 0.19401783 0.19441783
 0.19481783]
nH: [2.35403628e+17 2.35678658e+17 2.36149426e+17 2.36747589e+17
 2.37431227e+17 2.38165941e+17 2.38930638e+17 2.39696583e+17
 2.40463299e+17 2.41266312e+17 2.42133580e+17 2.43072759e+17
 2.44091791e+17 2.45191502e+17 2.46373816e+17 2.47638026e+17
 2.48979273e+17 2.50392168e+17 2.51875608e+17 2.53442223e+17
 2.55097367e+17 2.56840872e+17 2.58674482e+17 2.60594069e+17
 2.62603812e+17 2.64700513e+17 2.66871306e+17 2.69096106e+17
 2.71345703e+17 2.73594912e+17 2.75808481e+17 2.77938222e+17
 2.79929731e+17 2.81717467e+17 2.83223138e+17 2.84395316e+17
 2.85220652e+17 2.85699997e+17 2.85852887e+17 2.85655405e+17
 2.85040093e+17 2.84004965e+17 2.82606685e+17 2.80901815e+17
 2.78951784e+17 2.76812150e+17 2.74524335e+17 2.72127860e+17
 2.69659987e+17 2.67151387e+17 2.64622172e+17 2.62082241e+17
 2.59539301e+17 2.57003221e+17 2.54473345e+17 2.51949731e+17
 2.49435585e+17 2.46932436e+17 2.44455211e+17 2.42018725e+17
 2.36507845e+17 2.27893343e+17 2.19275852e+17 2.10684361e+17
 2.02162529e+17 1.93749075e+17 1.85478195e+17 1.77386155e+17
 1.69492602e+17 1.61803794e+17 1.54322858e+17 1.47024987e+17
 1.39874008e+17 1.32816944e+17 1.25601834e+17 1.18073810e+17
 1.10202461e+17 1.01925126e+17 9.34173763e+16 8.50869078e+16
 7.72202783e+16 6.96388030e+16 6.21374045e+16 5.48723189e+16
 4.81651905e+16 4.21827219e+16 3.69454636e+16 3.24479810e+16
 2.86079303e+16 2.53299908e+16 2.25294472e+16 2.01315902e+16
 1.80738820e+16 1.63040738e+16 1.47788362e+16 1.34613588e+16
 1.23201970e+16 1.13289594e+16 1.04653726e+16 9.71083397e+15
 9.04952915e+15 8.46806241e+15 7.95515172e+15 7.50114670e+15
 7.09801764e+15 6.73886642e+15 6.41760747e+15 6.12903229e+15
 5.86870723e+15 5.63284705e+15 5.41820989e+15 5.22201003e+15
 5.04184523e+15 4.87563580e+15 4.72157288e+15 4.57807462e+15
 4.44379212e+15 4.31756704e+15 4.19838647e+15 4.08542309e+15
 3.97795956e+15 3.87531241e+15 3.77685501e+15 3.68201924e+15
 3.59028636e+15 3.50117718e+15 3.41424239e+15 3.32905125e+15
 3.24519723e+15 3.16232198e+15 3.08007139e+15 2.99804397e+15
 2.91578974e+15 2.83279300e+15 2.74844173e+15 2.66198196e+15
 2.57244818e+15 2.47855207e+15 2.37849272e+15 2.26960662e+15
 2.14766884e+15 2.00539608e+15 1.82909245e+15 1.59111983e+15
 1.23492026e+15]
GammaxH: [-2.87920655e+21 -2.87363084e+21 -2.86336702e+21 -2.85063074e+21
 -2.83536607e+21 -2.81752782e+21 -2.79708887e+21 -2.77401114e+21
 -2.74829543e+21 -2.71999375e+21 -2.68887077e+21 -2.65284808e+21
 -2.61012744e+21 -2.56071802e+21 -2.50463224e+21 -2.44188045e+21
 -2.37246865e+21 -2.29640343e+21 -2.21370173e+21 -2.12441035e+21
 -2.02856862e+21 -1.92625049e+21 -1.81756827e+21 -1.70263187e+21
 -1.58163148e+21 -1.45437664e+21 -1.31812469e+21 -1.17050930e+21
 -1.01168426e+21 -8.41884238e+20 -6.61339122e+20 -4.70237932e+20
 -2.68767749e+20 -5.80425290e+19  1.52492804e+20  3.54396888e+20
  5.47755980e+20  7.32742748e+20  9.09506941e+20  1.07492544e+21
  1.22344079e+21  1.35295625e+21  1.46389011e+21  1.55650472e+21
  1.63304031e+21  1.69654977e+21  1.74797607e+21  1.78737968e+21
  1.81477701e+21  1.83298535e+21  1.84503434e+21  1.85104520e+21
  1.85087730e+21  1.84500313e+21  1.83460262e+21  1.82028356e+21
  1.80182865e+21  1.77917914e+21  1.75269603e+21  1.72242330e+21
  1.68342058e+21  1.63732253e+21  1.59054183e+21  1.54321037e+21
  1.49555054e+21  1.44777144e+21  1.40008362e+21  1.35271699e+21
  1.30581513e+21  1.25943735e+21  1.21362787e+21  1.16823869e+21
  1.12302938e+21  1.07767484e+21  1.03056058e+21  9.80654570e+20
  9.27713606e+20  8.71311206e+20  8.12521801e+20  7.53545356e+20
  6.96003718e+20  6.38946148e+20  5.81258842e+20  5.24320621e+20
  4.70489013e+20  4.21153831e+20  3.76760543e+20  3.37422029e+20
  3.02802618e+20  2.72506741e+20  2.46112567e+20  2.23152065e+20
  2.03203564e+20  1.85894315e+20  1.70900927e+20  1.57933801e+20
  1.46730317e+20  1.37060353e+20  1.28723105e+20  1.21542204e+20
  1.15364020e+20  1.10053167e+20  1.05490387e+20  1.01572112e+20
  9.82036853e+19  9.53036064e+19  9.28067225e+19  9.06584402e+19
  8.88122351e+19  8.72284867e+19  8.58734961e+19  8.47186583e+19
  8.37397562e+19  8.29163652e+19  8.22313562e+19  8.16703726e+19
  8.12187216e+19  8.08624795e+19  8.05895458e+19  8.03854554e+19
  8.02389729e+19  8.01456332e+19  8.01031599e+19  8.01102112e+19
  8.01662927e+19  8.02716861e+19  8.04273577e+19  8.06349548e+19
  8.08954220e+19  8.12070749e+19  8.15698934e+19  8.19879151e+19
  8.24664338e+19  8.30116747e+19  8.36310140e+19  8.43332889e+19
  8.51292504e+19  8.60322381e+19  8.70592218e+19  8.82325070e+19
  8.95827293e+19  9.11545489e+19  9.30183098e+19  9.52950823e+19
  9.82093606e+19]
TH: [ 10.00124509  10.00396044  10.00917105  10.01577732  10.0238402
  10.03339595  10.04443774  10.05698728  10.07097017  10.08617156
  10.10256097  10.12128224  10.14316944  10.16786801  10.19498112
  10.22409112  10.25477461  10.2865915   10.31905596  10.35156695
  10.38354692  10.41437734  10.44338833  10.4699834   10.49346526
  10.51332072  10.52949308  10.54142992  10.54794085  10.54765003
  10.53917097  10.52111639  10.49195666  10.45012687  10.39506603
  10.3274493   10.24761692  10.15554873  10.05067539   9.93496916
   9.81339202   9.68948801   9.56510871   9.44178752   9.32054907
   9.20195518   9.08671178   8.97574815   8.86988584   8.76869885
   8.67136295   8.57786197   8.48822048   8.40232306   8.31949537
   8.23922997   8.16145899   8.08593116   8.01222712   7.93992998
   7.95810427   8.07598364   8.20977552   8.36057686   8.52920432
   8.71647526   8.92318241   9.14994318   9.3977163    9.66791521
   9.96222229  10.28385409  10.63746998  11.03005531  11.48380325
  12.02296026  12.67124639  13.4637917   14.42180471  15.53819048
  16.80724483  18.296497    20.11528005  22.3199854   24.89507142
  27.81676473  31.07346175  34.62637728  38.46285936  42.57612474
  46.9507748   51.56817481  56.40401309  61.42807301  66.60300147
  71.88772694  77.2402553   82.61715976  87.97530424  93.27173024
  98.46659225 103.52368839 108.41060028 113.10045175 117.5701755
 121.80365242 125.7924188  129.53217371 133.02198094 136.26393812
 139.26272935 142.02515928 144.559705   146.87609886 148.98492136
 150.89708557 152.62342063 154.17497861 155.56280693 156.79785586
 157.89181453 158.85631789 159.70198715 160.43866886 161.07564356
 161.62173282 162.08540181 162.47476855 162.79775911 163.06309129
 163.28081356 163.46198732 163.61930531 163.76852913 163.93035492
 164.13321484 164.41782409 164.84499465 165.51001623 166.57139365
 168.31368706 171.29779488 176.75139079 187.65712073 211.695505  ]
qxH_total: [-34136.44991842 -34126.38797914 -34107.15783077 -34083.97947438
 -34055.75465171 -34021.65753317 -33981.23191012 -33933.87168142
 -33879.58519682 -33819.15004387 -33752.38536479 -33673.52667906
 -33577.48632579 -33464.05384707 -33333.0263555  -33184.15445663
 -33017.11836383 -32831.5885095  -32627.27040856 -32403.95558131
 -32161.27372287 -31898.9725074  -31616.98536868 -31315.19723602
 -30993.81568145 -30651.3683745  -30274.72003    -29851.52194074
 -29379.98796561 -28858.43524762 -28285.16439692 -27658.30158096
 -26975.86611692 -26239.4220625  -25482.02275574 -24734.34354596
 -23996.53533043 -23268.58013202 -22550.47793453 -21857.62516923
 -21216.44609938 -20637.7467533  -20121.22519781 -19667.0870206
 -19268.60879007 -18915.65211911 -18605.14087635 -18337.20443636
 -18111.79865554 -17917.17368548 -17740.73826372 -17580.95946955
 -17436.80102848 -17305.01635308 -17178.64838813 -17053.29028627
 -16928.27956266 -16801.63834257 -16670.32748989 -16532.72211473
 -16409.19284259 -16295.98211634 -16169.13626442 -16029.22919976
 -15878.01303997 -15717.11268485 -15547.710277   -15371.6002528
 -15189.6759051  -15002.4708303  -14810.35170961 -14612.15405179
 -14406.03808901 -14185.94704785 -13920.90468747 -13581.74303521
 -13139.79200072 -12550.70255333 -11805.96824639 -10992.84185727
 -10187.20356626  -9323.15043645  -8303.04589592  -7111.85172032
  -5840.96472367  -4564.6836883   -3326.35496395  -2182.75244741
  -1139.87461305   -179.65328995    711.98716599   1541.59632392
   2314.57438473   3035.71340397   3709.19401147   4338.80516101
   4927.696017     5478.58632502   5994.06659893   6476.01515279
   6926.39740287   7346.86600486   7738.68258881   8103.25331322
   8441.03184475   8752.84114025   9040.67132594   9306.60285965
   9552.57429323   9780.3983887    9991.77574083  10188.3071636
  10371.50383173  10542.79681884  10703.54703263  10855.03952171
  10998.08340966  11133.248619    11261.07934474  11381.515999
  11494.74979241  11601.74384139  11703.57079329  11801.25374595
  11895.77441706  11988.07954343  12079.08147661  12169.66848867
  12260.52372333  12351.8708916   12444.067031    12537.92255128
  12634.30687025  12734.0925054   12838.16518738  12947.43475066
  13062.8485503   13185.40856091  13316.1940528   13456.39382426
  13607.35522399  13770.66681281  13948.33131973  14143.28678832
  14361.69838416]
NetHSource: [4.61133827e+22 5.02483911e+22 5.91451742e+22 6.78017290e+22
 7.54219118e+22 8.30283843e+22 9.00074846e+22 9.67010155e+22
 1.03698103e+23 1.11651758e+23 1.21083155e+23 1.39895493e+23
 1.58863633e+23 1.77946973e+23 1.97271958e+23 2.16658433e+23
 2.36176187e+23 2.55777934e+23 2.75742969e+23 2.96470356e+23
 3.17385708e+23 3.38808664e+23 3.60542279e+23 3.82731151e+23
 4.05747767e+23 4.30978196e+23 4.68901920e+23 5.07079620e+23
 5.45824613e+23 5.85497223e+23 6.25540310e+23 6.66113938e+23
 7.07025961e+23 7.42932349e+23 7.36664973e+23 7.30248777e+23
 7.22799306e+23 7.14679601e+23 7.05742043e+23 6.78331920e+23
 6.38062955e+23 5.96451218e+23 5.53721762e+23 5.11139414e+23
 4.76359926e+23 4.45438543e+23 4.13883513e+23 3.82114496e+23
 3.50486641e+23 3.33458242e+23 3.17657489e+23 3.02671638e+23
 2.88262139e+23 2.77387656e+23 2.72304268e+23 2.67477677e+23
 2.63768706e+23 2.62122737e+23 2.62250255e+23 2.63400343e+23
 2.36575010e+23 2.36800148e+23 2.36568043e+23 2.35628981e+23
 2.33487662e+23 2.30883842e+23 2.27341417e+23 2.23150040e+23
 2.18813132e+23 2.14414604e+23 2.10009677e+23 2.06928978e+23
 2.04445007e+23 2.04555718e+23 2.16787492e+23 2.27144426e+23
 2.43895015e+23 2.61658519e+23 2.71902890e+23 2.65053736e+23
 2.57057687e+23 2.65408542e+23 2.77085520e+23 2.80418484e+23
 2.69159802e+23 2.57119805e+23 2.39184826e+23 2.20462032e+23
 2.03793040e+23 1.89020105e+23 1.76006723e+23 1.64511852e+23
 1.54363939e+23 1.45358162e+23 1.37290208e+23 1.30146764e+23
 1.23765294e+23 1.18080736e+23 1.12981462e+23 1.08344793e+23
 1.04188477e+23 1.00359832e+23 9.68730737e+22 9.36518061e+22
 9.05892557e+22 8.77804244e+22 8.52211610e+22 8.28809475e+22
 8.07332805e+22 7.87550727e+22 7.69261768e+22 7.52289411e+22
 7.36478071e+22 7.21690476e+22 7.07804409e+22 6.94690703e+22
 6.81748971e+22 6.69167539e+22 6.56628560e+22 6.43625636e+22
 6.30941123e+22 6.18730717e+22 6.06939461e+22 5.95516395e+22
 5.84413696e+22 5.73585450e+22 5.62980752e+22 5.52560297e+22
 5.42040057e+22 5.31072721e+22 5.20134451e+22 5.09266609e+22
 4.98420937e+22 4.87542403e+22 4.76565876e+22 4.65411532e+22
 4.53978007e+22 4.42130829e+22 4.29683531e+22 4.16361971e+22
 4.01734283e+22 3.85060090e+22 3.64951206e+22 3.38596953e+22
 3.00140683e+22]
Sion: [9.09869148e+20 1.24643116e+21 1.74316476e+21 2.18419682e+21
 2.39717307e+21 2.60614861e+21 2.67801383e+21 2.68777844e+21
 2.76378508e+21 3.04744371e+21 3.34928656e+21 3.71713742e+21
 4.11705647e+21 4.54016233e+21 5.01375381e+21 5.49905549e+21
 6.01114031e+21 6.53975310e+21 7.15399981e+21 7.95366648e+21
 8.80162334e+21 9.99704341e+21 1.14307763e+22 1.32000979e+22
 1.56171902e+22 1.83707862e+22 2.14671812e+22 2.48748852e+22
 2.87675211e+22 3.33918634e+22 3.84692426e+22 4.40704549e+22
 5.01205781e+22 5.63528459e+22 6.25713927e+22 6.89098067e+22
 7.46758528e+22 8.01151868e+22 8.51024586e+22 8.90953034e+22
 9.27122705e+22 9.50387821e+22 9.65049528e+22 9.74817106e+22
 9.75816054e+22 9.74482340e+22 9.71233719e+22 9.66631747e+22
 9.62562405e+22 9.60241755e+22 9.58670332e+22 9.61712928e+22
 9.68036137e+22 9.78283439e+22 9.99769651e+22 1.02352316e+23
 1.05661504e+23 1.09682934e+23 1.14017515e+23 1.19391329e+23
 1.23264645e+23 1.25513238e+23 1.27563400e+23 1.29124069e+23
 1.29962548e+23 1.30387332e+23 1.30103285e+23 1.29274800e+23
 1.28227565e+23 1.27091006e+23 1.25822673e+23 1.25544394e+23
 1.25656931e+23 1.27415316e+23 1.37529378e+23 1.46191752e+23
 1.59087289e+23 1.72272326e+23 1.80194906e+23 1.78113577e+23
 1.74246737e+23 1.80584999e+23 1.87715551e+23 1.87987898e+23
 1.78626748e+23 1.68081750e+23 1.54122470e+23 1.39923446e+23
 1.27067729e+23 1.15440448e+23 1.05164163e+23 9.60891550e+22
 8.80913957e+22 8.10241794e+22 7.47454709e+22 6.92216193e+22
 6.43402246e+22 6.00333818e+22 5.62194913e+22 5.28175493e+22
 4.98047711e+22 4.70985446e+22 4.46802408e+22 4.25016904e+22
 4.05089354e+22 3.87173285e+22 3.71091963e+22 3.56602275e+22
 3.43494953e+22 3.31589410e+22 3.20729473e+22 3.10779657e+22
 3.01622030e+22 2.93153630e+22 2.85284038e+22 2.77927728e+22
 2.70870788e+22 2.64135165e+22 2.57600926e+22 2.51102330e+22
 2.44842044e+22 2.38842986e+22 2.33070116e+22 2.27491548e+22
 2.22077962e+22 2.16801917e+22 2.11635662e+22 2.06555268e+22
 2.01471800e+22 1.96282688e+22 1.91106518e+22 1.85942014e+22
 1.80762160e+22 1.75535882e+22 1.70226115e+22 1.64787012e+22
 1.59159718e+22 1.53265490e+22 1.46994057e+22 1.40182111e+22
 1.32570351e+22 1.23711457e+22 1.12763930e+22 9.80294990e+21
 7.60338768e+21]
QH_total: [ 110950.86396086  123209.39710496  143262.37355203  163601.63801742
  182794.06953883  202065.61701958  220381.85985001  238238.29513778
  256597.0993733   276635.14879624  300888.53827811  351580.32238746
  403399.69318303  456314.14063857  510712.16926515  566173.39375374
  622936.80057046  680908.78317864  741096.19106926  805237.54658094
  871526.98405605  940256.92568505 1010987.45813264 1084127.33689472
 1160448.50077219 1246925.1795681  1391943.90566855 1542879.20889661
 1701078.29487421 1868105.36595802 2041535.85712569 2222573.42071331
 2410293.92937045 2584885.72923123 2606228.7475368  2625791.28741349
 2639930.05164778 2650243.41120186 2655959.89526079 2576750.24695066
 2438751.51325725 2293959.18786561 2143924.56658444 1990942.67186167
 1865144.37312612 1753138.7368711  1638836.11465577 1523261.12711959
 1409153.90179382 1354762.34616938 1306083.56098225 1264072.83637503
 1227184.87464359 1206691.56446779 1214143.14806785 1223932.00455714
 1241135.19877115 1269723.63214347 1306932.87629875 1349370.64404142
 1288512.68823918 1347699.80192055 1405475.8966007  1460640.10544493
 1504741.51214886 1547522.66624463 1582012.39427353 1610617.00192152
 1638875.38541995 1665900.42010539 1694115.7459192  1737206.89748189
 1789665.92137281 1888048.96332487 2199805.23970703 2531496.38064276
 3050854.40336847 3699588.12170079 4268880.27358828 4347919.19399742
 4426686.80959134 4992906.06963158 5792061.11744472 6463935.61919297
 6634897.09931306 6791314.44248848 6647095.99698321 6394379.0989877
 6174544.07018309 6000815.86895796 5843934.99134745 5699455.48838749
 5566282.23154896 5442017.12219616 5323436.1397722  5212829.35622162
 5106395.16791169 5005515.86907635 4908314.05867719 4811224.35618833
 4719058.08503864 4625061.87512793 4533197.22128456 4440971.55525792
 4343232.86327644 4248658.23228041 4158984.54236602 4073852.97473191
 3992937.66035235 3915941.34274648 3842595.29058084 3772655.73381452
 3705896.04950624 3642111.46216741 3581113.20711911 3522583.78984353
 3462661.36858689 3403174.2589686  3342194.01259716 3276318.85995814
 3211556.88289613 3149325.26457823 3089482.70206468 3031898.34484232
 2976449.03048838 2923015.2617573  2871434.29471296 2821630.18258703
 2771721.16521128 2719325.62227585 2668124.84114286 2618648.48093081
 2570811.04199984 2524533.19901986 2479739.01879294 2436355.62484792
 2394314.3711865  2353548.18440249 2313991.84432733 2275579.43627793
 2238243.26999445 2201907.82056367 2166479.83552926 2131823.85732466
 2097726.30817279]
SideWallH: [0. 0. 0. 0. 0. 0. 0. 0. 0. 0. 0. 0. 0. 0. 0. 0. 0. 0. 0. 0. 0. 0. 0. 0.
 0. 0. 0. 0. 0. 0. 0. 0. 0. 0. 0. 0. 0. 0. 0. 0. 0. 0. 0. 0. 0. 0. 0. 0.
 0. 0. 0. 0. 0. 0. 0. 0. 0. 0. 0. 0. 0. 0. 0. 0. 0. 0. 0. 0. 0. 0. 0. 0.
 0. 0. 0. 0. 0. 0. 0. 0. 0. 0. 0. 0. 0. 0. 0. 0. 0. 0. 0. 0. 0. 0. 0. 0.
 0. 0. 0. 0. 0. 0. 0. 0. 0. 0. 0. 0. 0. 0. 0. 0. 0. 0. 0. 0. 0. 0. 0. 0.
 0. 0. 0. 0. 0. 0. 0. 0. 0. 0. 0. 0. 0. 0. 0. 0. 0. 0. 0. 0. 0. 0. 0. 0.
 0.]
Lyman: [148081.81540106 153613.32956861 140835.05616414 125098.23451706
 118044.98257334 111556.7340012  109844.22003046 110158.29491147
 108361.38997886 100488.89436236  93005.46711638  84931.10916373
  77387.65886795  70598.51575936  64150.21249054  58616.37888968
  53697.3248229   49421.47633945  45341.34215169  41142.39986016
  37598.9945036   35537.6520073   34229.56456223  33520.08005832
  33624.76403701  33909.02593071  34335.9445992   34887.56049866
  35558.2626299   36400.12167025  37409.30553331  38512.70701753
  39745.66782975  41050.4543142   42322.04219935  43635.55927714
  44774.10950656  45804.26589698  46713.81910258  47347.47352025
  47846.67720887  47834.61676694  47486.44340084  47004.75379782
  46300.7776851   45551.69664242  44871.4031575   44237.12373929
  43544.99049107  42734.42343747  41894.28086018  40904.99764193
  39827.76459047  38824.65961089  37965.58331898  37187.1556392
  36631.21766828  36254.06215727  36023.41261555  36168.20055442
  35927.07408456  35451.29592905  35107.46632201  34774.07272042
  34633.0346929   34426.22606463  34243.1432044   34050.74892443
  33803.69387771  33590.08580512  33308.6346897   33094.76721004
  32866.69890095  32269.89364269  30677.23284188  29226.60496354
  27599.43795705  26165.13405341  25327.55916225  25952.22490151
  26064.20144212  25670.23401744  24653.37764379  23034.91808228
  21177.25949875  19014.50562684  16930.02744587  14983.62402483
  13185.37976729  11578.218178    10167.49432519   8941.05221461
   7880.95372443   6970.33938321   6193.64876537   5528.1696708
   4958.46771232   4469.02857814   4048.0329879    3686.17803643
   3372.5275804    3101.6427312    2865.87311411   2660.57503002
   2482.58667911   2325.80765952   2186.70002353   2062.76053078
   1951.87976697   1852.27491276   1762.43405585   1681.07074827
   1607.08600652   1539.5373374    1477.61320975   1420.63593099
   1368.62627942   1320.69555734   1276.66218655   1236.62801008
   1199.26947082   1164.05756242   1130.7399011    1099.08917869
   1068.89964861   1039.98374709   1012.17428944    985.30274949
    959.4474338     934.74927528    910.57159357    886.69132784
    862.95348482    839.1847741     815.1844858     790.71068227
    765.45912167    739.03010818    710.8716736     680.17523738
    645.66741405    605.1644255     554.57262803    485.64026749
    381.4641625 ]
Balmer: [823.83686112 869.01087619 833.98182714 773.2019897  743.92095991
 715.92814356 708.86325883 710.96267149 703.41500933 667.19060143
 631.43957088 591.29385519 552.32126066 515.96034644 480.16414885
 448.41909    419.30911079 393.2644221  367.76247417 340.79879377
 317.33314658 304.73664084 297.25332765 293.81918815 296.04706228
 298.51902516 300.96183205 303.37909766 305.769374   308.41692722
 311.66125412 315.0966817  319.14489346 323.69580102 328.22822376
 333.11446034 337.38343391 341.25702865 344.67986522 346.878451
 348.38072354 347.25547752 344.35497746 340.73693523 335.99298279
 330.98501938 326.3735525  322.02616615 317.30648979 311.8428634
 306.1819609  299.54234259 292.31790214 285.45801824 279.26070685
 273.55543457 269.0941536  265.69987401 263.26205804 263.09712509
 260.18366467 255.41152295 251.57090735 247.94252419 245.57678912
 242.95133175 240.56102606 238.19814    235.61035172 233.32639764
 230.74016671 228.8339319  227.06765352 223.58472327 215.91641844
 208.8899603  201.52056074 195.24215387 191.97176488 197.48319001
 199.35050625 199.40168771 194.86097703 184.73654357 171.6141743
 155.78228759 139.95144155 124.85423377 110.72406133  97.92814596
  86.59445582  76.65582684  67.99489566  60.49464441  54.04416245
  48.47885512  43.68195318  39.53619672  35.9495764   32.84798729
  30.14697984  27.80012331  25.74752071  23.95030946  22.3804926
  20.99168872  19.75519059  18.64984701  17.65776584  16.76377255
  15.95495962  15.22031468  14.55040501  13.93712448  13.37347956
  12.8535582   12.37595044  11.93385908  11.52496518  11.14879035
  10.79647306  10.46405233  10.14930269   9.85022132   9.56499699
   9.29197989   9.029682     8.77664356   8.53281767   8.29851291
   8.0697484    7.84485739   7.62252821   7.40131062   7.17954182
   6.95523605   6.72591693   6.48835234   6.23810132   5.96868165
   5.66990861   5.32433902   4.89930191   4.32899681   3.47881628]
tiempo_ejecución: 45.106407165527344
