xH2: [0.13734576 0.14145985 0.14745985 0.15345985 0.15877994]
nH2: [7.73182353e+17 7.76223815e+17 7.66707513e+17 6.54608941e+17
 5.02172961e+17]
GammaxH2: [9.92093573e+20 4.07319909e+21 2.20527737e+22 3.39760215e+22
 2.97658246e+22]
TH2: [  0.           0.           0.           0.         138.44230344]
qxH2_total: [  24703.61520915  100648.23342886  488075.01522043  631093.89720796
 2000427.1304289 ]
nHP: [4.77528076e+16 6.01647353e+16 8.97478238e+16 1.61421652e+17
 1.27167800e+17]
THP: [ 9.25226988  9.27131879 11.05295799 17.84113139 18.24032547]
SH: [1.17624598e+21 5.62344079e+21 2.82363319e+22 8.45136536e+22
 7.55999587e+22]
SP: [4.81802801e+21 2.29257906e+22 1.32330699e+23 5.71988973e+23
 5.20187779e+23]
xH: [0.13734576 0.1376182  0.1380182  0.1384182  0.1388182  0.1392182
 0.1396182  0.1400182  0.1404182  0.1408182  0.1412182  0.1416182
 0.1420182  0.1424182  0.1428182  0.1432182  0.1436182  0.1440182
 0.1444182  0.1448182  0.1452182  0.1456182  0.1460182  0.1464182
 0.1468182  0.1472182  0.1476182  0.1480182  0.1484182  0.1488182
 0.1492182  0.1496182  0.1500182  0.1504182  0.1508182  0.1512182
 0.1516182  0.1520182  0.1524182  0.1528182  0.1532182  0.1536182
 0.1540182  0.1544182  0.1548182  0.1552182  0.1556182  0.1560182
 0.1564182  0.1568182  0.1572182  0.1576182  0.1580182  0.1584182
 0.1588182  0.1592182  0.1596182  0.1600182  0.1604182  0.1608182
 0.1612182  0.1616182  0.1620182  0.1624182  0.1628182  0.1632182
 0.1636182  0.1640182  0.1644182  0.1648182  0.1652182  0.1656182
 0.1660182  0.1664182  0.1668182  0.1672182  0.1676182  0.1680182
 0.1684182  0.1688182  0.1692182  0.1696182  0.1700182  0.1704182
 0.1708182  0.1712182  0.1716182  0.1720182  0.1724182  0.1728182
 0.1732182  0.1736182  0.1740182  0.1744182  0.1748182  0.1752182
 0.1756182  0.1760182  0.1764182  0.1768182  0.1772182  0.1776182
 0.1780182  0.1784182  0.1788182  0.1792182  0.1796182  0.1800182
 0.1804182  0.1808182  0.1812182  0.1816182  0.1820182  0.1824182
 0.1828182  0.1832182  0.1836182  0.1840182  0.1844182  0.1848182
 0.1852182  0.1856182  0.1860182  0.1864182  0.1868182  0.1872182
 0.1876182  0.1880182  0.1884182  0.1888182  0.1892182  0.1896182
 0.1900182  0.1904182  0.1908182  0.1912182  0.1916182  0.1920182
 0.1924182  0.1928182  0.1932182  0.1936182  0.1940182  0.1944182
 0.1948182 ]
nH: [5.37048913e+16 5.37457665e+16 5.38276999e+16 5.39355771e+16
 5.40611025e+16 5.41974564e+16 5.43407511e+16 5.44853341e+16
 5.46307548e+16 5.47846915e+16 5.49533529e+16 5.51381970e+16
 5.53413797e+16 5.55635328e+16 5.58059384e+16 5.60698062e+16
 5.63516280e+16 5.66501583e+16 5.69679673e+16 5.73092268e+16
 5.76767301e+16 5.80710535e+16 5.84940439e+16 5.89459817e+16
 5.94310595e+16 5.99523118e+16 6.05076757e+16 6.10940945e+16
 6.17076776e+16 6.23489218e+16 6.30134239e+16 6.36923217e+16
 6.43794558e+16 6.50655597e+16 6.57386518e+16 6.63866627e+16
 6.69962272e+16 6.75527114e+16 6.80429841e+16 6.84520852e+16
 6.87654943e+16 6.89705203e+16 6.90577593e+16 6.90245359e+16
 6.88715435e+16 6.85994388e+16 6.82083973e+16 6.76983688e+16
 6.70684078e+16 6.63158684e+16 6.54375667e+16 6.44275676e+16
 6.32773260e+16 6.19783215e+16 6.04370323e+16 5.87553606e+16
 5.71171389e+16 5.55131865e+16 5.39413076e+16 5.23976247e+16
 5.08799816e+16 4.93906909e+16 4.79312920e+16 4.65043299e+16
 4.51143041e+16 4.37642587e+16 4.24564650e+16 4.11934234e+16
 3.99745705e+16 3.87977059e+16 3.76607298e+16 3.65568714e+16
 3.54780006e+16 3.44143763e+16 3.33259103e+16 3.21870551e+16
 3.09868360e+16 2.97069810e+16 2.83653535e+16 2.70173283e+16
 2.57039904e+16 2.43907444e+16 2.30336316e+16 2.16477019e+16
 2.02875598e+16 1.89897917e+16 1.77697551e+16 1.66430331e+16
 1.56090386e+16 1.46614124e+16 1.37931241e+16 1.29967129e+16
 1.22655961e+16 1.15938784e+16 1.09765036e+16 1.04087266e+16
 9.88597805e+15 9.40417358e+15 8.95955660e+15 8.54885747e+15
 8.16905493e+15 7.81735172e+15 7.49126753e+15 7.18846275e+15
 6.90699868e+15 6.64508709e+15 6.40087937e+15 6.17269794e+15
 5.95902545e+15 5.75848955e+15 5.56984757e+15 5.39197235e+15
 5.22383920e+15 5.06451387e+15 4.91314096e+15 4.76893075e+15
 4.63119674e+15 4.49933261e+15 4.37275965e+15 4.25103336e+15
 4.13375427e+15 4.02046308e+15 3.91072007e+15 3.80410823e+15
 3.70023057e+15 3.59870590e+15 3.49916460e+15 3.40124179e+15
 3.30458046e+15 3.20887832e+15 3.11383529e+15 3.01909264e+15
 2.92426219e+15 2.82891970e+15 2.73259157e+15 2.63473522e+15
 2.53471052e+15 2.43173653e+15 2.32482170e+15 2.21263992e+15
 2.09327842e+15 1.96363240e+15 1.81769258e+15 1.64101244e+15
 1.39094121e+15]
GammaxH: [-1.07046341e+21 -1.06980622e+21 -1.06858435e+21 -1.06705321e+21
 -1.06520064e+21 -1.06301724e+21 -1.06049802e+21 -1.05763581e+21
 -1.05443019e+21 -1.05089116e+21 -1.04702666e+21 -1.04266798e+21
 -1.03738724e+21 -1.03092506e+21 -1.02328257e+21 -1.01446050e+21
 -1.00445844e+21 -9.93276155e+20 -9.80914090e+20 -9.67377648e+20
 -9.52670635e+20 -9.36805209e+20 -9.19803187e+20 -9.01682138e+20
 -8.82483973e+20 -8.62251707e+20 -8.40653946e+20 -8.16819618e+20
 -7.90233589e+20 -7.60944548e+20 -7.29003961e+20 -6.94452847e+20
 -6.57336890e+20 -6.17693555e+20 -5.75537059e+20 -5.30880650e+20
 -4.83719341e+20 -4.34027097e+20 -3.81791134e+20 -3.26951662e+20
 -2.69453674e+20 -2.09934697e+20 -1.50068220e+20 -9.08716049e+19
 -3.22759814e+19  2.57788945e+19  8.33146586e+19  1.40355061e+20
  1.96918220e+20  2.53014205e+20  3.08655699e+20  3.63845617e+20
  4.18581524e+20  4.72871567e+20  4.96485184e+20  4.89683925e+20
  4.82924160e+20  4.76153429e+20  4.69356711e+20  4.62497797e+20
  4.55551975e+20  4.48519106e+20  4.41389960e+20  4.34174292e+20
  4.26888117e+20  4.19546071e+20  4.12169002e+20  4.04778485e+20
  3.97386153e+20  3.89991168e+20  3.82595013e+20  3.75162173e+20
  3.67640106e+20  3.59989015e+20  3.52032640e+20  3.43682362e+20
  3.34966842e+20  3.25937431e+20  3.16752330e+20  3.07280881e+20
  2.97395628e+20  2.87149714e+20  2.76652802e+20  2.66206571e+20
  2.55910446e+20  2.45811256e+20  2.35961524e+20  2.26298060e+20
  2.16880106e+20  2.07863465e+20  1.99347116e+20  1.91337493e+20
  1.83833354e+20  1.76827253e+20  1.70311440e+20  1.64271852e+20
  1.58684871e+20  1.53525630e+20  1.48769728e+20  1.44390031e+20
  1.40360581e+20  1.36655745e+20  1.33249048e+20  1.30117321e+20
  1.27231703e+20  1.24566410e+20  1.22105780e+20  1.19835625e+20
  1.17743159e+20  1.15816919e+20  1.14046684e+20  1.12423405e+20
  1.10939121e+20  1.09586897e+20  1.08360760e+20  1.07255656e+20
  1.06264496e+20  1.05379631e+20  1.04595374e+20  1.03900574e+20
  1.03286343e+20  1.02751799e+20  1.02296578e+20  1.01920834e+20
  1.01625233e+20  1.01410945e+20  1.01279599e+20  1.01233318e+20
  1.01273893e+20  1.01399453e+20  1.01609590e+20  1.01908678e+20
  1.02301728e+20  1.02794485e+20  1.03393557e+20  1.04106569e+20
  1.04942389e+20  1.05911437e+20  1.07026124e+20  1.08301549e+20
  1.09756643e+20  1.11416389e+20  1.13316915e+20  1.15519590e+20
  1.18156485e+20]
TH: [ 26.50295732  26.50559731  26.51040121  26.51633278  26.52354162
  26.5321476   26.54220808  26.55383198  26.56701478  26.58155648
  26.59727172  26.6150374   26.63714349  26.66519009  26.70031502
  26.74626805  26.79171436  26.83262071  26.87896587  26.93050158
  26.98689291  27.04771577  27.1124719   27.18085193  27.25222435
  27.3260179   27.40296193  27.48513844  27.57383512  27.66885653
  27.77038588  27.87899266  27.9950419   28.11906524  28.25170197
  28.39365044  28.5455446   28.70802523  28.88183091  29.06741021
  29.26543134  29.47513832  29.69359161  29.91962864  30.15336115
  30.39508606  30.64571662  30.90612654  31.17756397  31.46187547
  31.76091717  32.07731886  32.41443951  32.77530128  33.14835792
  33.53551442  33.94455829  34.37837188  34.83830888  35.32652817
  35.84488041  36.39372776  36.97360029  37.58438727  38.22481634
  38.89384392  39.59040448  40.31300377  41.06167143  41.83762374
  42.64239675  43.48169071  44.36391397  45.30098668  46.3361184
  47.5071493   48.84361233  50.38614581  52.13299503  54.03352803
  56.05550128  58.28096423  60.81765027  63.66709518  66.73821464
  69.95808777  73.28731878  76.67626445  80.11474674  83.59918848
  87.11879637  90.66396178  94.22423905  97.78836064 101.34266132
 104.87351333 108.36896748 111.81707111 115.20651986 118.52562887
 121.76400375 124.91258139 127.96291618 130.90820799 133.74166407
 136.45937425 139.0608219  141.54571776 143.91432534 146.16750001
 148.30665206 150.33368601 152.25093111 154.06106289 155.76699631
 157.37164204 158.87780871 160.28874339 161.60790242 162.83903226
 163.98752734 165.05942284 166.0601275  166.99486404 167.86877706
 168.68697369 169.45455    170.17654003 170.85784078 171.50416718
 172.12262318 172.72077068 173.30651094 173.88865486 174.47737637
 175.08479778 175.72584507 176.4195824  177.19148607 178.07788233
 179.13629313 180.47396752 182.33469201 185.35845075 191.08736659]
qxH_total: [-31970.75848469 -31964.83008657 -31952.88046087 -31936.84658476
 -31917.59262353 -31895.90058677 -31872.25584758 -31847.41834943
 -31821.43262152 -31793.14621047 -31761.5574562  -31725.57225159
 -31682.7880481  -31630.91683947 -31565.81613608 -31476.86458137
 -31394.29760686 -31328.15791704 -31250.40769623 -31159.75794691
 -31055.25330974 -30936.33095568 -30802.08949532 -30651.640292
 -30483.50066183 -30296.31301742 -30088.78245595 -29858.42612224
 -29602.61892964 -29318.23289069 -29002.91608428 -28654.97198817
 -28272.09030769 -27852.73716624 -27396.1284998  -26901.42971867
 -26368.62409391 -25798.3870789  -25190.80942963 -24547.76588974
 -23870.81815794 -23165.93763172 -22447.39495104 -21723.74022182
 -20997.41058314 -20270.44573885 -19543.76053671 -18818.57547684
 -18095.26303719 -17372.88796865 -16650.78317958 -15927.2744917
 -15199.77448016 -14467.22039646 -14058.77843026 -13972.86723079
 -13877.62310012 -13771.80127868 -13654.7245158  -13525.93220089
 -13385.00732925 -13232.37920854 -13068.88926639 -12895.08036427
 -12712.86833417 -12523.86541358 -12329.36664538 -12131.30472543
 -11930.39238404 -11727.07198216 -11521.72527065 -11312.95425676
 -11098.70707011 -10873.0427192  -10604.90483665 -10266.38791195
  -9828.67171419  -9247.42949901  -8516.3450577   -7723.00476804
  -6943.00431686  -6111.54183019  -5133.13288157  -3992.19900347
  -2781.0600616   -1574.44498867   -412.11453904    650.79191712
   1608.83138446   2481.81984797   3285.09724348   4025.45397117
   4708.90149589   5340.78037044   5925.75674382   6468.0230859
   6971.06962993   7437.89291828   7871.42376465   8273.62758988
   8646.50647605   8991.94934703   9311.3091977    9606.29485825
   9877.18389438  10124.58088472  10350.68717774  10557.53128307
  10746.99270179  10920.81943251  11080.6431201   11227.99242809
  11364.30426696  11490.93419934  11609.16681351  11720.22680181
  11824.8421579   11923.50539305  12016.88050729  12104.69258046
  12186.90799017  12264.57853979  12338.69917001  12410.2195612
  12480.0520194   12549.07832264  12618.14808091  12688.09034692
  12759.60288094  12832.80252877  12907.93857095  12985.83971238
  13067.33132446  13153.24618374  13244.4343996   13341.77446271
  13446.18679153  13558.65114706  13680.22995778  13812.10162339
  13955.61135767  14112.35776926  14284.37466189  14474.67139919
  14689.54773594]
NetHSource: [8.00858058e+21 8.95099422e+21 1.04334055e+22 1.18592850e+22
 1.29899944e+22 1.41241189e+22 1.50883796e+22 1.59722020e+22
 1.69216569e+22 1.81707222e+22 1.94256130e+22 2.16169684e+22
 2.51531398e+22 2.87147950e+22 3.23593516e+22 3.60166880e+22
 3.97127147e+22 4.34342604e+22 4.72284811e+22 5.13074191e+22
 5.54136523e+22 5.96570079e+22 6.39871367e+22 6.84091651e+22
 7.31206155e+22 7.78891667e+22 8.45230554e+22 9.39495351e+22
 1.03533292e+23 1.13620950e+23 1.23522981e+23 1.33683832e+23
 1.43979573e+23 1.54322268e+23 1.64606042e+23 1.74944210e+23
 1.85038612e+23 1.95014509e+23 2.04881205e+23 2.14223247e+23
 2.23519051e+23 2.28809950e+23 2.28474586e+23 2.27961141e+23
 2.26961157e+23 2.25863031e+23 2.24561970e+23 2.23111844e+23
 2.21596125e+23 2.20140471e+23 2.18571197e+23 2.17229845e+23
 2.15911510e+23 2.14564546e+23 6.26484080e+22 6.27088849e+22
 6.31891065e+22 6.38286793e+22 6.44880961e+22 6.54050511e+22
 6.62542364e+22 6.70368051e+22 6.77558496e+22 6.83548641e+22
 6.86273289e+22 6.88663379e+22 6.88155307e+22 6.86316415e+22
 6.84445300e+22 6.82627290e+22 6.80741512e+22 6.84456498e+22
 6.90375153e+22 7.06951710e+22 7.72916835e+22 8.35997306e+22
 9.36703026e+22 1.05214057e+23 1.14532030e+23 1.15831658e+23
 1.16861833e+23 1.26659413e+23 1.39733740e+23 1.49906712e+23
 1.51508000e+23 1.52645421e+23 1.49179693e+23 1.43958398e+23
 1.39096615e+23 1.34633648e+23 1.30462218e+23 1.26540957e+23
 1.22863738e+23 1.19395629e+23 1.16034701e+23 1.12891443e+23
 1.09897680e+23 1.07071168e+23 1.04395683e+23 1.01768617e+23
 9.93046540e+22 9.68877629e+22 9.45698841e+22 9.23420313e+22
 9.00367038e+22 8.78651990e+22 8.58164875e+22 8.38803076e+22
 8.20471815e+22 8.03083630e+22 7.86557779e+22 7.70819527e+22
 7.55799486e+22 7.41433022e+22 7.27659589e+22 7.14421707e+22
 7.01092410e+22 6.87965103e+22 6.74942937e+22 6.60888350e+22
 6.47277452e+22 6.34068413e+22 6.21220171e+22 6.08693010e+22
 5.96448430e+22 5.84448799e+22 5.72646388e+22 5.61010104e+22
 5.49340513e+22 5.37040467e+22 5.24850934e+22 5.12732819e+22
 5.00643645e+22 4.88536923e+22 4.76360811e+22 4.64056035e+22
 4.51552963e+22 4.38767042e+22 4.25591566e+22 4.11884763e+22
 3.97444098e+22 3.81944322e+22 3.64762743e+22 3.44408517e+22
 3.16440478e+22]
Sion: [2.07577190e+20 2.84349237e+20 3.97440221e+20 4.98946156e+20
 5.45858766e+20 5.93102339e+20 6.09336594e+20 6.10957840e+20
 6.24473144e+20 6.92048642e+20 7.60197699e+20 8.43115362e+20
 9.33515180e+20 1.02770769e+21 1.13575772e+21 1.24518411e+21
 1.36059862e+21 1.47969525e+21 1.61185312e+21 1.79867582e+21
 1.99018792e+21 2.26044801e+21 2.58513523e+21 2.96554798e+21
 3.53492467e+21 4.16139403e+21 4.86790254e+21 5.64816077e+21
 6.52293807e+21 7.61057538e+21 8.78897332e+21 1.01003666e+22
 1.15282060e+22 1.30309762e+22 1.45246745e+22 1.60944706e+22
 1.75419508e+22 1.89441249e+22 2.03071799e+22 2.13509226e+22
 2.23900110e+22 2.30805772e+22 2.35823883e+22 2.39889021e+22
 2.40924662e+22 2.41533954e+22 2.41313921e+22 2.40473850e+22
 2.39333122e+22 2.38365563e+22 2.36903718e+22 2.36421104e+22
 2.36016906e+22 2.35652711e+22 2.37450928e+22 2.38367766e+22
 2.41960396e+22 2.46590272e+22 2.51460251e+22 2.58498395e+22
 2.65110868e+22 2.72035452e+22 2.78853507e+22 2.85048613e+22
 2.90035242e+22 2.94636055e+22 2.97820723e+22 3.00218319e+22
 3.02433444e+22 3.04752368e+22 3.06791323e+22 3.12173543e+22
 3.18734204e+22 3.30111089e+22 3.64949283e+22 3.97746115e+22
 4.47392856e+22 5.02186370e+22 5.47189288e+22 5.65598544e+22
 5.80046652e+22 6.32588418e+22 6.95932877e+22 7.42347816e+22
 7.52442410e+22 7.56717760e+22 7.41441075e+22 7.17708362e+22
 6.93412080e+22 6.68203561e+22 6.43856727e+22 6.20353502e+22
 5.97831693e+22 5.76237531e+22 5.55156637e+22 5.35250402e+22
 5.16286777e+22 4.98343959e+22 4.81363184e+22 4.64980426e+22
 4.49594992e+22 4.34799060e+22 4.20752015e+22 4.07402058e+22
 3.94190256e+22 3.81787620e+22 3.70126844e+22 3.59144881e+22
 3.48783154e+22 3.38987393e+22 3.29707297e+22 3.20896264e+22
 3.12511084e+22 3.04511570e+22 2.96860178e+22 2.89521477e+22
 2.82294974e+22 2.75255925e+22 2.68363706e+22 2.61281577e+22
 2.54431482e+22 2.47789201e+22 2.41331224e+22 2.35034999e+22
 2.28878827e+22 2.22841639e+22 2.16899858e+22 2.11034610e+22
 2.05181496e+22 1.99172339e+22 1.93201373e+22 1.87247400e+22
 1.81287330e+22 1.75295795e+22 1.69244345e+22 1.63100255e+22
 1.56824778e+22 1.50370495e+22 1.43677040e+22 1.36663493e+22
 1.29212894e+22 1.21135019e+22 1.12061057e+22 1.01103336e+22
 8.56400157e+21]
QH_total: [  66436.19731883   77294.01110783   96145.89859167  113848.1543972
  123405.06980308  133117.1741758   137942.35823372  140433.36474144
  144830.4639608   158011.01681845  171490.50439317  191268.23211499
  218393.67617455  250428.9188373   299573.05885868  385879.57367266
  284302.69119796  320983.28570187  360710.93687949  408202.60980802
  456420.58475506  508772.47693699  564475.95501593  623590.05899004
  691996.78525446  762781.35226315  839713.55549464  925281.37083036
 1018361.67412336 1127395.92562753 1237598.07765865 1357781.63886162
 1484871.06876015 1615910.62105734 1747468.50600885 1883462.67538327
 2013561.72940191 2142362.78149298 2270251.58541779 2382285.25073413
 2495963.66004359 2571850.06458611 2604301.1050177  2632304.43693978
 2644503.19092976 2655260.61459053 2660042.42840344 2661163.33027336
 2662277.89893226 2669016.2906485  2673852.38272543 2691852.29547438
 2714591.34800277 2739746.6915689  1123313.69822446 1156416.51236146
 1200597.65565157 1250421.57522147 1302435.36108502 1361307.03538669
 1420830.50496842 1477971.71542327 1534073.91619617 1587801.3946524
 1629518.35692708 1671348.43325488 1702646.52445758 1729068.52559521
 1755354.52985898 1780633.26853083 1805972.18183792 1849869.09253627
 1902277.60085907 2001817.8650169  2322809.04664469 2654719.62236934
 3194609.44202218 3857602.53878321 4436964.89724243 4518286.01985033
 4599126.32570456 5179008.40148804 5994984.25110927 6691819.6228166
 6854469.02613808 7014175.13881547 6870347.86797165 6611282.24908486
 6385756.27754675 6210121.82892127 6049567.35057478 5901589.22266884
 5765098.51216334 5638102.68779212 5515895.2179955  5402309.37438119
 5293023.5669981  5189413.71835039 5090655.2427852  4990002.32238667
 4895449.81145783 4799105.41051477 4704926.95284812 4612612.50010774
 4510380.89236533 4413583.05470947 4321808.71550685 4234685.8956109
 4151876.61779952 4073072.77586931 3997995.33641861 3926389.04135814
 3858018.88945218 3792669.32269385 3730142.50668512 3670255.48571951
 3608615.93080199 3547535.33612989 3486476.50742392 3417180.29857145
 3350574.12811648 3286500.62116161 3224812.76000938 3165373.41431651
 3108054.570439   3052736.43815536 2999228.09022622 2947469.4134929
 2896151.42019042 2840949.75462362 2787517.94248959 2735759.3484347
 2685582.0302438  2636897.72867224 2589621.19127437 2543668.68561356
 2498957.86813281 2455405.43918984 2412925.12704498 2371423.57070576
 2330793.57532369 2290894.69052316 2251496.07349872 2212064.31939992
 2170880.3288779 ]
SideWallH: [0. 0. 0. 0. 0. 0. 0. 0. 0. 0. 0. 0. 0. 0. 0. 0. 0. 0. 0. 0. 0. 0. 0. 0.
 0. 0. 0. 0. 0. 0. 0. 0. 0. 0. 0. 0. 0. 0. 0. 0. 0. 0. 0. 0. 0. 0. 0. 0.
 0. 0. 0. 0. 0. 0. 0. 0. 0. 0. 0. 0. 0. 0. 0. 0. 0. 0. 0. 0. 0. 0. 0. 0.
 0. 0. 0. 0. 0. 0. 0. 0. 0. 0. 0. 0. 0. 0. 0. 0. 0. 0. 0. 0. 0. 0. 0. 0.
 0. 0. 0. 0. 0. 0. 0. 0. 0. 0. 0. 0. 0. 0. 0. 0. 0. 0. 0. 0. 0. 0. 0. 0.
 0. 0. 0. 0. 0. 0. 0. 0. 0. 0. 0. 0. 0. 0. 0. 0. 0. 0. 0. 0. 0. 0. 0. 0.
 0.]
Lyman: [33783.34188432 35030.02297093 32098.16894909 28450.61990127
 26876.5075915  25384.80951273 24973.76995365 25040.21639911
 24727.14275875 22816.64603402 21106.74383095 19267.59760683
 17544.49039581 16017.84774926 14529.90831141 13271.43719776
 12153.29844319 11181.54999353 10289.0890237   9303.87467327
  8502.07251339  8036.3454068   7742.41969099  7553.07281947
  7612.78555791  7683.42132382  7788.65738521  7924.68025361
  8089.12933726  8299.89649442  8552.44556239  8831.13457707
  9146.88430493  9494.92901471  9830.12623642 10195.4650912
 10524.60040422 10838.08467446 11140.53431843 11354.257972
 11560.1892928  11625.18819708 11612.53037839 11567.69889605
 11440.34239646 11295.33009403 11157.96004374 11014.32860429
 10844.0419182  10617.59328968 10375.31863345 10065.5251768
  9720.4800481   9371.07353566  9027.95607673  8677.74574047
  8400.50252018  8163.51001823  7958.16061857  7845.25977202
  7736.79438505  7699.39322119  7690.7669278   7691.28269555
  7746.17106964  7791.03588328  7856.34167527  7925.49134068
  7990.72523677  8072.52381026  8143.42883892  8247.28546648
  8355.09283534  8381.44616884  8161.55925434  7997.3228403
  7789.77213877  7660.42094938  7729.88011018  8278.59563823
  8712.67700091  9030.03015487  9181.19862597  9128.80831076
  8962.18128169  8599.85042982  8178.31325877  7717.19419116
  7222.30243778  6726.69427284  6246.96534249  5791.75133562
  5365.41065848  4971.04747509  4612.99987216  4285.56233103
  3988.10345281  3717.54887753  3471.67235862  3250.30901605
  3048.52249008  2866.46540273  2701.09484665  2550.74107026
  2416.78636558  2293.93652493  2181.06883248  2077.17628115
  1981.35789031  1892.80774252  1810.80523185  1734.70476579
  1663.92686031  1597.95066249  1536.30673613  1478.56976788
  1425.09204572  1375.0717133   1328.24566556  1285.63280373
  1245.17729317  1206.66607102  1169.89993986  1134.69350359
  1100.87350404  1068.2767895   1036.75910609  1006.16423965
   976.50546832   948.1831298    920.31466305   892.76712733
   865.40053695   838.06552845   810.59909388   782.81846984
   754.51234057   725.4276574    695.24851057   663.55886339
   629.76717276   592.92616881   551.22415314   500.34139891
   427.56938813]
Balmer: [187.95042079 198.17762593 190.08631274 175.94946121 169.3832249
 162.91760031 161.18618304 161.61502494 160.31248674 151.4998114
 143.31034461 134.14864411 125.23096085 117.04545319 108.77591703
 101.54982622  94.92786798  89.00530949  83.4257004   77.1089733
  71.80549731  68.96825634  67.30039985  66.29349038  67.10795615
  67.73199474  68.36936837  69.02206822  69.6980852   70.45648036
  71.39543327  72.4098971   73.61675134  75.03222672  76.43390943
  78.03375769  79.52603503  80.97863256  82.40426935  83.4330056
  84.40849143  84.65598836  84.47813082  84.10538409  83.29606485
  82.35568411  81.43990005  80.46360754  79.30125667  77.77040363
  76.11868599  74.01258628  71.65761718  69.23422678  66.74611778
  64.20497777  62.08476421  60.2236757   58.5821831   57.50581989
  56.49830832  55.94544903  55.60027697  55.34601505  55.44038739
  55.50919689  55.71871988  55.97197017  56.22743354  56.60777987
  56.94627989  57.56542085  58.26895658  58.63436012  58.0853149
  57.85420252  57.71552807  58.14031687  59.67170314  64.04514752
  67.65441776  71.2241839   73.7418158   74.44184226  73.78750349
  71.55365828  68.59270596  65.17131983  61.4124292   57.56664125
  53.79584885  50.17368642  46.74292749  43.53475546  40.58758344
  37.86793581  35.37463091  33.08904089  30.99692026  29.0971421
  27.35596058  25.77298466  24.3266699   23.00430635  21.81320968
  20.71703355  19.70666458  18.77384827  17.91113616  17.1118152
  16.36984396  15.67977762  15.03670235  14.43618085  13.87419759
  13.34710137  12.8561355   12.39547653  11.9626986   11.56321872
  11.18391983  10.8229129   10.47843291  10.14883866   9.83259883
   9.52827489   9.23456604   8.95012499   8.67457912   8.40972619
   8.1502198    7.89491815   7.64263111   7.39210137   7.14197032
   6.89072899   6.63664852   6.37767487   6.11126088   5.83406949
   5.54137281   5.22561266   4.87233533   4.44706113   3.84835313]
tiempo_ejecución: 174.50148272514343
