xH2: [0.13734576 0.14113843 0.14713843 0.15036063 0.15257446 0.15453252
 0.15643856 0.15824579 0.15983091 0.16118223]
nH2: [6.19958897e+18 6.01223999e+18 5.01125307e+18 3.91894630e+18
 2.80336750e+18 1.64023625e+18 7.88757136e+17 3.86680357e+17
 1.97214464e+17 1.01910363e+17]
GammaxH2: [1.53593791e+22 1.47555914e+22 1.13917990e+22 7.16195216e+21
 6.79806656e+21 6.05261288e+21 2.94784539e+21 1.47165295e+21
 7.73133653e+20 4.19940518e+20]
TH2: [0.         0.         0.         0.         0.         0.
 0.         0.         0.         1.48813319]
qxH2_total: [1130.13818299 1093.0559144   884.97101959  608.9528828   535.26386657
  353.13629334  209.0878096   139.88292289  107.04664785  274.16473034]
nHP: [3.82895159e+17 4.62674977e+17 5.51402133e+17 7.47007662e+17
 6.38598662e+17 4.09974433e+17 1.97296878e+17 9.70881375e+16
 5.15157008e+16 2.84359113e+16]
THP: [ 9.25226988  9.2707799  10.69760417 14.87400746 17.2827258  18.04208151
 18.05338288 18.11024197 18.72788268 19.84921129]
SH: [9.43146409e+21 4.00824885e+22 1.66214397e+23 3.24477123e+23
 3.22857627e+23 2.20455788e+23 1.08891013e+23 5.62639606e+22
 3.24768351e+22 1.94160588e+22]
SP: [3.86322751e+22 1.63431156e+23 7.59046606e+23 1.91501498e+24
 2.13597236e+24 1.50458794e+24 7.43517544e+23 3.85078456e+23
 2.27900747e+23 1.42251424e+23]
xH: [0.13734576 0.13761744 0.13801744 0.13841744 0.13881744 0.13921744
 0.13961744 0.14001744 0.14041744 0.14081744 0.14121744 0.14161744
 0.14201744 0.14241744 0.14281744 0.14321744 0.14361744 0.14401744
 0.14441744 0.14481744 0.14521744 0.14561744 0.14601744 0.14641744
 0.14681744 0.14721744 0.14761744 0.14801744 0.14841744 0.14881744
 0.14921744 0.14961744 0.15001744 0.15041744 0.15081744 0.15121744
 0.15161744 0.15201744 0.15241744 0.15281744 0.15321744 0.15361744
 0.15401744 0.15441744 0.15481744 0.15521744 0.15561744 0.15601744
 0.15641744 0.15681744 0.15721744 0.15761744 0.15801744 0.15841744
 0.15881744 0.15921744 0.15961744 0.16001744 0.16041744 0.16081744
 0.16121744 0.16161744 0.16201744 0.16241744 0.16281744 0.16321744
 0.16361744 0.16401744 0.16441744 0.16481744 0.16521744 0.16561744
 0.16601744 0.16641744 0.16681744 0.16721744 0.16761744 0.16801744
 0.16841744 0.16881744 0.16921744 0.16961744 0.17001744 0.17041744
 0.17081744 0.17121744 0.17161744 0.17201744 0.17241744 0.17281744
 0.17321744 0.17361744 0.17401744 0.17441744 0.17481744 0.17521744
 0.17561744 0.17601744 0.17641744 0.17681744 0.17721744 0.17761744
 0.17801744 0.17841744 0.17881744 0.17921744 0.17961744 0.18001744
 0.18041744 0.18081744 0.18121744 0.18161744 0.18201744 0.18241744
 0.18281744 0.18321744 0.18361744 0.18401744 0.18441744 0.18481744
 0.18521744 0.18561744 0.18601744 0.18641744 0.18681744 0.18721744
 0.18761744 0.18801744 0.18841744 0.18881744 0.18921744 0.18961744
 0.19001744 0.19041744 0.19081744 0.19121744 0.19161744 0.19201744
 0.19241744 0.19281744 0.19321744 0.19361744 0.19401744 0.19441744
 0.19481744]
nH: [2.70326717e+17 2.70650694e+17 2.71208631e+17 2.71920836e+17
 2.72736845e+17 2.73615283e+17 2.74530814e+17 2.75449245e+17
 2.76370213e+17 2.77337169e+17 2.78384642e+17 2.79521627e+17
 2.80757545e+17 2.82093878e+17 2.83534408e+17 2.85079575e+17
 2.86724989e+17 2.88465533e+17 2.90301605e+17 2.92251464e+17
 2.94324743e+17 2.96525920e+17 2.98860296e+17 3.01327080e+17
 3.03939216e+17 3.06696871e+17 3.09567449e+17 3.12504087e+17
 3.15461778e+17 3.18397788e+17 3.21252147e+17 3.23945032e+17
 3.26381730e+17 3.28459805e+17 3.30151877e+17 3.31457938e+17
 3.32334742e+17 3.32748171e+17 3.32677760e+17 3.32131863e+17
 3.31162573e+17 3.29866425e+17 3.28372198e+17 3.26838089e+17
 3.25221631e+17 3.23338972e+17 3.21168870e+17 3.18773118e+17
 3.16212438e+17 3.13537729e+17 3.10782421e+17 3.07964295e+17
 3.05100895e+17 3.02208521e+17 2.99295178e+17 2.96368484e+17
 2.93430252e+17 2.90486960e+17 2.87557073e+17 2.84662553e+17
 2.78110684e+17 2.67872590e+17 2.57638176e+17 2.47445846e+17
 2.37342599e+17 2.27371142e+17 2.17575205e+17 2.07995510e+17
 1.98654349e+17 1.89560461e+17 1.80713258e+17 1.72086646e+17
 1.63642859e+17 1.55236970e+17 1.46655033e+17 1.37759177e+17
 1.28463466e+17 1.18730454e+17 1.08789903e+17 9.90568095e+16
 8.97440878e+16 8.07786810e+16 7.19873005e+16 6.35103374e+16
 5.56820775e+16 4.86782133e+16 4.25463184e+16 3.72658313e+16
 3.27583416e+16 2.89102430e+16 2.56215725e+16 2.28057064e+16
 2.03893313e+16 1.83114792e+16 1.65212326e+16 1.49754059e+16
 1.36372653e+16 1.24758089e+16 1.14650222e+16 1.05830177e+16
 9.81124204e+15 9.13391268e+15 8.53767681e+15 8.01125820e+15
 7.54514191e+15 7.13113918e+15 6.76207232e+15 6.43177260e+15
 6.13498686e+15 5.86722877e+15 5.62465523e+15 5.40396374e+15
 5.20230694e+15 5.01722088e+15 4.84656413e+15 4.68847852e+15
 4.54136173e+15 4.40383471e+15 4.27470098e+15 4.15296982e+15
 4.03778504e+15 3.92833256e+15 3.82387206e+15 3.72373659e+15
 3.62732140e+15 3.53407245e+15 3.44347494e+15 3.35504351e+15
 3.26831865e+15 3.18289791e+15 3.09839298e+15 3.01436697e+15
 2.93033955e+15 2.84576834e+15 2.76001780e+15 2.67231294e+15
 2.58166936e+15 2.48678130e+15 2.38583103e+15 2.27613772e+15
 2.15345629e+15 2.01047658e+15 1.83346179e+15 1.59470843e+15
 1.23757087e+15]
GammaxH: [-3.29563199e+21 -3.29024499e+21 -3.28033062e+21 -3.26804043e+21
 -3.25330986e+21 -3.23608666e+21 -3.21633934e+21 -3.19402435e+21
 -3.16914259e+21 -3.14175430e+21 -3.11150025e+21 -3.07632769e+21
 -3.03459526e+21 -2.98631344e+21 -2.93149753e+21 -2.87016008e+21
 -2.80230861e+21 -2.72795100e+21 -2.64710733e+21 -2.55983334e+21
 -2.46617613e+21 -2.36622795e+21 -2.26011474e+21 -2.14796172e+21
 -2.02999571e+21 -1.90555243e+21 -1.77029695e+21 -1.62077115e+21
 -1.45715937e+21 -1.27973769e+21 -1.08877358e+21 -8.84498102e+20
 -6.67125813e+20 -4.37917679e+20 -2.04888606e+20  2.50897130e+19
  2.52146039e+20  4.76475446e+20  6.98265996e+20  9.12839603e+20
  1.11222213e+21  1.29360692e+21  1.45744342e+21  1.60398171e+21
  1.73278616e+21  1.84307077e+21  1.93468314e+21  2.00770813e+21
  2.06216481e+21  2.10248354e+21  2.13333731e+21  2.15484574e+21
  2.16685321e+21  2.17013710e+21  2.16666812e+21  2.15749751e+21
  2.14229306e+21  2.12110465e+21  2.09452615e+21  2.06274673e+21
  2.01831567e+21  1.96346477e+21  1.90780597e+21  1.85151472e+21
  1.79483484e+21  1.73800539e+21  1.68129068e+21  1.62495445e+21
  1.56915858e+21  1.51398763e+21  1.45946834e+21  1.40544604e+21
  1.35167275e+21  1.29721120e+21  1.24065128e+21  1.18102449e+21
  1.11767976e+21  1.05029385e+21  9.80138760e+20  9.09626546e+20
  8.40055822e+20  7.71030081e+20  7.01588314e+20  6.32970411e+20
  5.67832391e+20  5.07804668e+20  4.53618847e+20  4.05429890e+20
  3.62969568e+20  3.25725918e+20  2.93166668e+20  2.64753193e+20
  2.39981989e+20  2.18410869e+20  1.99651447e+20  1.83355698e+20
  1.69211478e+20  1.56943284e+20  1.46310159e+20  1.37100827e+20
  1.29129919e+20  1.22235039e+20  1.16273459e+20  1.11118967e+20
  1.06658773e+20  1.02795073e+20  9.94468624e+19  9.65459877e+19
  9.40340823e+19  9.18611716e+19  8.99844940e+19  8.83674984e+19
  8.69789955e+19  8.57924377e+19  8.47853127e+19  8.39379161e+19
  8.32320349e+19  8.26505092e+19  8.21777639e+19  8.17966771e+19
  8.14931536e+19  8.12604961e+19  8.10943611e+19  8.09915910e+19
  8.09500957e+19  8.09687439e+19  8.10472708e+19  8.11860559e+19
  8.13854456e+19  8.16429371e+19  8.19574047e+19  8.23323844e+19
  8.27725691e+19  8.32836539e+19  8.38725474e+19  8.45476754e+19
  8.53194276e+19  8.62008270e+19  8.72085704e+19  8.83647326e+19
  8.96997658e+19  9.12582049e+19  9.31103520e+19  9.53773673e+19
  9.82840240e+19]
TH: [  9.59211264   9.59411828   9.59801031   9.60290711   9.60892092
   9.61613224   9.62456643   9.63428269   9.64522062   9.65714874
   9.67008251   9.68502597   9.70265028   9.72267142   9.7447663
   9.76860026   9.79384038   9.82014251   9.84711871   9.87426203
   9.90109662   9.9271005    9.95172364   9.97448497   9.99477717
  10.01241388  10.0284798   10.043466    10.05656374  10.06688707
  10.07366295  10.07624512  10.07403782  10.06616578  10.04974101
  10.02266174   9.98489305   9.93610166   9.87556536   9.80276577
   9.71786045   9.6210579    9.51191935   9.38919823   9.2570414
   9.12330297   8.99164417   8.86346432   8.74003751   8.62105545
   8.50565005   8.39388796   8.28592154   8.18164536   8.08030605
   7.98139253   7.8847749    7.79017761   7.69714546   7.60526577
   7.60059969   7.69141435   7.79663158   7.91719437   8.05390716
   8.20754997   8.3787848    8.5681943    8.77663037   9.00526842
   9.25567044   9.53052071   9.83365646  10.17456663  10.56957406
  11.03756337  11.60160198  12.28997521  13.11902942  14.08754562
  15.20566699  16.51983562  18.11393827  20.04190812  22.29973842
  24.87722974  27.76149696  30.93154819  34.37172331  38.08238747
  42.05709996  46.28478826  50.74976365  55.42996556  60.29674857
  65.31695649  70.45458179  75.67114802  80.92596302  86.17735306
  91.38454456  96.50900661 101.51471177 106.36872982 111.0421615
 115.51239639 119.76397677 123.78619182 127.57205208 131.11810951
 134.42410612 137.49255872 140.32832433 142.93816199 145.33026378
 147.51371511 149.49815286 151.29371013 152.91080995 154.36014143
 155.65341699 156.80271327 157.81921426 158.71341864 159.49531234
 160.17445014 160.76002858 161.26093845 161.68580346 162.04392455
 162.34601326 162.60379085 162.83052899 163.04252183 163.26094116
 163.51463314 163.84466016 164.31210675 165.01244637 166.10425079
 167.87196648 170.87602914 176.34280182 187.25117401 211.2704044 ]
qxH_total: [-35426.84363309 -35417.64887281 -35400.02097785 -35378.93396742
 -35353.19362242 -35321.895454   -35284.5353288  -35240.44917331
 -35189.64633083 -35132.99300965 -35070.02231517 -34995.0671185
 -34903.50673005 -34795.1495458  -34669.83106608 -34527.33094406
 -34367.35053343 -34189.58026627 -33993.76278041 -33779.78000991
 -33547.33923798 -33296.28503128 -33026.61257934 -32738.27424182
 -32431.63939562 -32103.63587512 -31736.41456538 -31314.39017512
 -30835.43590777 -30297.60673868 -29698.93926731 -29037.2879889
 -28310.37938457 -27519.99073434 -26693.8423649  -25856.56480568
 -25007.48804288 -24145.75731753 -23270.48910913 -22403.04041852
 -21579.78309732 -20814.55573442 -20106.56126103 -19455.51830764
 -18865.5840285  -18342.33396045 -17887.05499777 -17499.62763076
 -17179.73738628 -16909.31575719 -16669.37099987 -16458.18842867
 -16274.85831555 -16114.67379395 -15967.59359139 -15827.6926116
 -15694.35446885 -15565.14786002 -15435.86959213 -15304.28631723
 -15201.49661657 -15121.64109916 -15027.86636161 -14921.05281973
 -14802.49857697 -14673.42982364 -14535.31622157 -14389.7472945
 -14237.71944922 -14079.73639209 -13915.95657366 -13745.56400314
 -13567.04418278 -13368.01590452 -13124.94743186 -12812.1919793
 -12398.18974708 -11843.03260417 -11155.38019883 -10399.80252199
  -9616.11347807  -8773.89991582  -7791.10179508  -6657.1081485
  -5442.68543129  -4213.05979844  -3018.75098731  -1905.79757991
   -889.91187974     45.87812892    914.15831841   1722.62209077
   2476.4843551    3180.33766557   3838.22714161   4453.70796223
   5029.87506352   5569.42417768   6074.61971162   6547.33344907
   6989.30181666   7402.21696336   7787.47105591   8146.05593087
   8478.49125734   8785.64403354   9069.32604207   9331.56452132
   9574.24993948   9799.15213074  10007.933682    10202.16102242
  10383.31456732  10552.79814488  10711.94846114  10861.93412024
  11003.63788535  11137.67088668  11264.51823632  11384.12673657
  11496.62423956  11602.97694483  11704.24680938  11801.44746695
  11895.55232308  11987.49959109  12078.19592015  12168.49913276
  12259.13643732  12350.32789613  12442.37603895  12536.11198635
  12632.4016907   12732.11465343  12836.13391032  12945.36696647
  13060.759101    13183.31042484  13314.09858514  13454.3109319
  13605.29357381  13768.63397056  13946.33378823  14141.33024265
  14359.78786817]
NetHSource: [4.95549800e+22 5.35615745e+22 6.26154155e+22 7.14015096e+22
 7.89910428e+22 8.65725126e+22 9.34259894e+22 9.99744489e+22
 1.06848434e+23 1.14840405e+23 1.24963950e+23 1.43756623e+23
 1.62707552e+23 1.81800839e+23 2.01176872e+23 2.20624261e+23
 2.40231468e+23 2.59926061e+23 2.80045563e+23 3.01045902e+23
 3.22268830e+23 3.44121695e+23 3.66273424e+23 3.89011840e+23
 4.12704823e+23 4.41212609e+23 4.88034153e+23 5.35139277e+23
 5.82955558e+23 6.31790483e+23 6.81074707e+23 7.31019181e+23
 7.81237960e+23 8.25702756e+23 8.35887417e+23 8.45891735e+23
 8.54498296e+23 8.62496851e+23 8.69120668e+23 8.49142349e+23
 8.12782118e+23 7.74289725e+23 7.35035766e+23 6.94812325e+23
 6.51120423e+23 6.04586346e+23 5.57304061e+23 5.09408554e+23
 4.61554962e+23 4.36150345e+23 4.12173520e+23 3.89290360e+23
 3.66816262e+23 3.50248370e+23 3.41057196e+23 3.32521594e+23
 3.25434426e+23 3.20999951e+23 3.19550213e+23 3.18669331e+23
 2.76696688e+23 2.76742915e+23 2.76241005e+23 2.74691522e+23
 2.72212952e+23 2.68900795e+23 2.64585498e+23 2.59530798e+23
 2.54304215e+23 2.48952484e+23 2.43852969e+23 2.39845494e+23
 2.36717504e+23 2.40757134e+23 2.50073155e+23 2.63406534e+23
 2.80265325e+23 2.99712357e+23 3.06397576e+23 3.02567433e+23
 2.97413646e+23 3.01183532e+23 3.13201877e+23 3.12560848e+23
 3.02334279e+23 2.86089542e+23 2.66841460e+23 2.44990606e+23
 2.25556486e+23 2.08340454e+23 1.93135653e+23 1.79717602e+23
 1.67860776e+23 1.57316901e+23 1.47924879e+23 1.39572993e+23
 1.32150679e+23 1.25530112e+23 1.19586845e+23 1.14226042e+23
 1.09387512e+23 1.05006456e+23 1.01001307e+23 9.73077051e+22
 9.38502842e+22 9.06786336e+22 8.77986663e+22 8.51746704e+22
 8.27756159e+22 8.05745427e+22 7.85478875e+22 7.66750182e+22
 7.49378004e+22 7.33202262e+22 7.18080756e+22 7.03749968e+22
 6.89943576e+22 6.76440847e+22 6.63181029e+22 6.49454442e+22
 6.36142737e+22 6.23374993e+22 6.11088179e+22 5.99224137e+22
 5.87728921e+22 5.76549630e+22 5.65634339e+22 5.54904051e+22
 5.44199084e+22 5.32977002e+22 5.21839349e+22 5.10793678e+22
 4.99789380e+22 4.88769162e+22 4.77666013e+22 4.66398391e+22
 4.54863311e+22 4.42924856e+22 4.30395130e+22 4.16998407e+22
 4.02301066e+22 3.85560136e+22 3.65383462e+22 3.38954073e+22
 3.00406582e+22]
Sion: [1.04485195e+21 1.43083322e+21 2.00140298e+21 2.50951468e+21
 2.75313311e+21 2.99382899e+21 3.07458888e+21 3.08868209e+21
 3.17411177e+21 3.50329926e+21 3.85039818e+21 4.27648647e+21
 4.73505842e+21 5.22255241e+21 5.76946434e+21 6.32996581e+21
 6.92326209e+21 7.53359744e+21 8.24443091e+21 9.17071153e+21
 1.01541822e+22 1.15678008e+22 1.32049946e+22 1.52687007e+22
 1.80726548e+22 2.12823293e+22 2.49075128e+22 2.88836739e+22
 3.34576443e+22 3.88547321e+22 4.47965510e+22 5.13787608e+22
 5.84309579e+22 6.56739078e+22 7.29323646e+22 8.03271280e+22
 8.69163867e+22 9.33021676e+22 9.89205478e+22 1.03586806e+23
 1.07786057e+23 1.10236061e+23 1.12130829e+23 1.13294070e+23
 1.13766781e+23 1.13837742e+23 1.13608871e+23 1.13231700e+23
 1.12914462e+23 1.12696357e+23 1.12567341e+23 1.13063259e+23
 1.13795493e+23 1.15322704e+23 1.17582749e+23 1.20376233e+23
 1.24391672e+23 1.29023172e+23 1.34403888e+23 1.40420503e+23
 1.44949136e+23 1.47545077e+23 1.49872731e+23 1.51542056e+23
 1.52571473e+23 1.52972050e+23 1.52590591e+23 1.51576563e+23
 1.50336199e+23 1.48887483e+23 1.47529934e+23 1.46957511e+23
 1.47002708e+23 1.51960871e+23 1.60562007e+23 1.71905372e+23
 1.85547991e+23 2.00652842e+23 2.07531325e+23 2.07341100e+23
 2.05863497e+23 2.09519464e+23 2.17441377e+23 2.15582325e+23
 2.06488945e+23 1.93014049e+23 1.77512342e+23 1.60694222e+23
 1.45443978e+23 1.31754131e+23 1.19589722e+23 1.08850740e+23
 9.93746951e+22 9.09840404e+22 8.35564287e+22 7.69988573e+22
 7.12174292e+22 6.61097370e+22 6.15830160e+22 5.75607084e+22
 5.39854957e+22 5.08016200e+22 4.79510708e+22 4.53864640e+22
 4.30604210e+22 4.09708197e+22 3.91007898e+22 3.74214255e+22
 3.59078209e+22 3.45384870e+22 3.32948168e+22 3.21606668e+22
 3.11219883e+22 3.01665141e+22 2.92834794e+22 2.84594155e+22
 2.76817119e+22 2.69399163e+22 2.62288370e+22 2.55253590e+22
 2.48523957e+22 2.42110413e+22 2.35971259e+22 2.30068755e+22
 2.24368536e+22 2.18838311e+22 2.13447467e+22 2.08159115e+22
 2.02915741e+22 1.97559897e+22 1.92243384e+22 1.86954461e+22
 1.81664250e+22 1.76339991e+22 1.70943168e+22 1.65426626e+22
 1.59730324e+22 1.53774441e+22 1.47447661e+22 1.40585584e+22
 1.32927681e+22 1.24024951e+22 1.13033369e+22 9.82506555e+21
 7.61971244e+21]
QH_total: [ 115829.89101441  127770.55583421  147461.46818377  167438.63463619
  186211.22709174  205072.59920237  222936.10636917  240359.12387756
  258265.31906011  277927.17417234  303605.65340382  353579.28096364
  404629.9437205   456779.55073636  510415.14220196  565097.1124213
  621091.37548217  678246.91621264  737630.40110793  800992.08015525
  866494.55089573  934497.84477732 1004398.31909599 1076791.09240999
 1152347.16755722 1246694.4061825  1414953.08907755 1590248.11826121
 1774135.01348356 1967791.1814301  2169053.62681451 2379341.75160919
 2597141.4135909  2800236.05057021 2879032.17921785 2957926.33675182
 3032602.31520547 3106131.28421305 3175759.22267487 3128384.71334547
 3005851.34215205 2874994.06199496 2740360.1430953  2600441.14746902
 2436120.3346707  2260496.21520542 2082125.82825716 1902501.49109019
 1724509.55021934 1636656.68459086 1555448.75246474 1482072.2873271
 1412223.53500665 1369101.5098565  1358456.73324409 1352003.46718113
 1353647.03192004 1368412.07837015 1396689.58768589 1427667.15247748
 1302931.53852812 1361800.95801592 1419498.60047026 1471484.43289968
 1518214.31075264 1560033.63794152 1594436.42841262 1623078.93199863
 1650665.52067582 1677644.26117102 1707450.4936415  1748495.33358513
 1800486.22389102 1955677.50766271 2210467.17522929 2572266.15607818
 3064963.87512756 3711270.74594874 4147165.16983286 4359595.07148577
 4546024.43063988 5006074.98853036 5802503.26529199 6349716.8933635
 6645069.42034382 6729484.79428304 6658575.5642953  6402386.60741148
 6187495.57062853 6007189.49772558 5849464.20872801 5704562.29678607
 5570843.78901009 5445460.07266108 5327105.55788877 5215243.94130488
 5109358.74984168 5008171.57422127 4909866.53268915 4813376.00107518
 4719128.7132997  4626842.96836899 4534682.10671171 4441400.02094786
 4344526.57161647 4249824.48923558 4160037.55623061 4074805.27204748
 3993798.12227621 3916720.79727138 3843302.77436886 3773297.4094506
 3706479.38492626 3642642.28093595 3581596.78522655 3522171.85248837
 3463070.11759484 3403231.01718261 3342686.23085621 3276645.19645217
 3211857.24373869 3149601.95993492 3089738.14381784 3032134.55481555
 2976668.76976258 2923210.10280914 2871624.39425558 2821573.70363549
 2772122.60739612 2719487.81101581 2668277.47559157 2618792.13698155
 2570946.92549517 2524661.76364853 2479860.98596781 2436471.79254485
 2394425.14753977 2353654.09462582 2314093.48708241 2275677.03497075
 2238337.58199074 2201998.93169992 2166567.55092782 2131908.84464782
 2097808.8694063 ]
SideWallH: [0. 0. 0. 0. 0. 0. 0. 0. 0. 0. 0. 0. 0. 0. 0. 0. 0. 0. 0. 0. 0. 0. 0. 0.
 0. 0. 0. 0. 0. 0. 0. 0. 0. 0. 0. 0. 0. 0. 0. 0. 0. 0. 0. 0. 0. 0. 0. 0.
 0. 0. 0. 0. 0. 0. 0. 0. 0. 0. 0. 0. 0. 0. 0. 0. 0. 0. 0. 0. 0. 0. 0. 0.
 0. 0. 0. 0. 0. 0. 0. 0. 0. 0. 0. 0. 0. 0. 0. 0. 0. 0. 0. 0. 0. 0. 0. 0.
 0. 0. 0. 0. 0. 0. 0. 0. 0. 0. 0. 0. 0. 0. 0. 0. 0. 0. 0. 0. 0. 0. 0. 0.
 0. 0. 0. 0. 0. 0. 0. 0. 0. 0. 0. 0. 0. 0. 0. 0. 0. 0. 0. 0. 0. 0. 0. 0.
 0.]
Lyman: [170050.35394777 176413.27479532 161763.44118073 143654.02599347
 135615.38818962 128168.61569982 126289.61845236 126589.25124473
 124617.08935202 115505.64981356 106938.07554723  97623.05511124
  89020.46177759  81238.876803    73832.98755117  67484.80442228
  61829.53615767  56940.82382423  52264.62458226  47446.88531705
  43384.29869215  41102.45906483  39548.35416897  38771.13760894
  38916.98011562  39288.17620758  39836.02429911  40514.11038447
  41339.46056122  42359.17004053  43573.42360067  44878.24434563
  46338.69681856  47847.44074276  49331.95574335  50860.31490499
  52138.72954733  53344.39455007  54332.32137278  55048.50894709
  55615.90805234  55500.29183221  55174.68227691  54658.52902564
  53979.18229403  53199.4495376   52503.97733342  51817.92893443
  51034.82400577  50152.80889217  49208.09635977  48045.19671319
  46817.818378    45677.58316409  44650.58329167  43737.80027844
  43108.09667687  42645.62559722  42467.42638075  42537.13875465
  42251.43464917  41685.27371106  41244.6779058   40919.15803125
  40654.50862733  40405.24358019  40169.51873118  39920.96158136
  39651.52283982  39346.75447974  39023.39561762  38732.74965774
  38445.99529893  37382.75528088  35813.96065732  34006.5876429
  32161.00689872  30468.59138962  30049.00118661  30200.98197446
  30292.69386239  29765.39610788  28549.05196389  26743.77060486
  24470.16526881  21976.58089595  19484.22643337  17198.63317964
  15089.81962625  13206.45531656  11555.59841877  10121.52073203
   8883.90876582   7823.43300718   6918.07209887   6145.04244134
   5483.56061315   4916.84182024   4430.8393127    4013.37494956
   3653.49466597   3342.28217465   3072.81936422   2839.13211455
   2636.56898634   2459.03240751   2302.12889844   2162.90658345
   2038.87978377   1927.94866247   1828.33471539   1738.52598381
   1657.23275288   1583.35082154   1515.93123358   1454.33451492
   1398.04022239   1346.56988163   1299.33919531   1256.62360432
   1216.90535463   1179.62779366   1144.49953384   1111.2599555
   1079.67436542   1049.53193698   1020.640215      992.8480299
    966.09224669    940.68723219    915.85900931    891.40319056
    867.15552411    842.93480678    818.53325773    793.70271241
    768.13338128    741.42041559    713.00693614    682.07932847
    647.35827416    606.65216688    555.85533467    486.69658508
    382.24662565]
Balmer: [946.05630418 997.95536261 957.86695813 887.95059416 854.61504299
 822.52150524 814.83961402 817.00720809 808.79388763 766.90517181
 726.01499292 679.73251723 635.32832125 593.69463427 552.62391974
 516.24864548 482.82071056 453.0850941  423.89976245 393.00570472
 366.14511937 352.4298753  343.42575203 339.82473677 342.62471128
 345.85657334 349.1374264  352.28726596 355.44494093 358.88521489
 362.99133451 367.14610238 372.05470236 377.29238986 382.55694893
 388.20714471 392.92126119 397.38775835 400.93605634 403.24715999
 404.82942357 402.97648347 400.05030335 396.23968808 391.65185346
 386.49931598 381.81411881 377.14582784 371.84543356 365.9087136
 359.55914851 351.7737743  343.5482118  335.67383056 328.35450437
 321.66858126 316.54788268 312.45342882 310.10184187 309.32946221
 305.87117296 300.19400531 295.44022534 291.54118139 288.16036401
 285.01621001 282.06857898 279.14447436 276.2165678  273.19425846
 270.21265194 267.69675659 265.4894787  259.77537331 251.92049493
 243.22399171 234.65677546 227.12459703 226.79621481 229.56082092
 231.98876451 230.95396019 225.35390817 213.93261864 197.98433093
 179.64314356 160.78033857 143.04645813 126.46140878 111.47354513
  98.20604246  86.5820046   76.4678879   67.72984181  60.21130541
  53.74557925  48.17725485  43.37808181  39.23880353  35.66365408
  32.56604128  29.87437965  27.53191908  25.48950112  23.70797402
  22.13966676  20.74919038  19.5115696   18.40569203  17.41366357
  16.52028151  15.71258649  14.97949739  14.31150671  13.70042858
  13.14029997  12.62613906  12.15343616  11.71723192  11.31794217
  10.94536285  10.59523567  10.26499351   9.9523418    9.6552164
   9.37175935   9.10027403   8.83934291   8.58807564   8.34771172
   8.11346121   7.88372683   7.65711673   7.43211179   7.20698814
   6.97970631   6.74774204   6.50781912   6.25545486   5.98412451
   5.68359423   5.33635639   4.90964249   4.33749608   3.48510102]
tiempo_ejecución: 388.52204608917236
