xH2: [0.13734576 0.14116639 0.14716639 0.15037497 0.15258356 0.15453878
 0.15644579 0.15825534 0.1598391  0.16118942]
nH2: [6.34519950e+18 6.16026135e+18 5.06870175e+18 3.56200313e+18
 2.10389517e+18 1.06730772e+18 5.14208186e+17 2.52651286e+17
 1.29385912e+17 6.71272790e+16]
GammaxH2: [1.48324593e+22 1.44692643e+22 1.26791642e+22 1.10843068e+22
 7.75949542e+21 3.95622082e+21 1.93188307e+21 9.68284247e+20
 5.11809653e+20 2.79710972e+20]
TH2: [0.         0.         0.         0.         0.         0.
 0.         0.         0.         1.39395412]
qxH2_total: [1108.13176182 1079.50049108  921.07406405  692.41495406  405.79452339
  231.35194928  136.80020114   91.20483021   69.47096552  172.42036163]
nHP: [3.91888265e+17 4.74350622e+17 5.60747666e+17 6.80732642e+17
 4.99641742e+17 2.66972521e+17 1.28622189e+17 6.33915285e+16
 3.38087468e+16 1.87345262e+16]
THP: [ 9.25226988  9.27082513 10.72779561 14.90092126 17.30296427 18.05338288
 18.05338288 18.09964662 18.73312044 19.85313218]
SH: [9.65298207e+21 4.13477792e+22 1.69680910e+23 2.96125495e+23
 2.52834577e+23 1.43643817e+23 7.09543405e+22 3.67204997e+22
 2.13244704e+22 1.27983193e+22]
SP: [3.95396362e+22 1.68588326e+23 7.76614000e+23 1.75009996e+24
 1.67237213e+24 9.80812786e+23 4.84482561e+23 2.51210479e+23
 1.49672024e+23 9.37803558e+22]
xH: [0.13734576 0.13761748 0.13801748 0.13841748 0.13881748 0.13921748
 0.13961748 0.14001748 0.14041748 0.14081748 0.14121748 0.14161748
 0.14201748 0.14241748 0.14281748 0.14321748 0.14361748 0.14401748
 0.14441748 0.14481748 0.14521748 0.14561748 0.14601748 0.14641748
 0.14681748 0.14721748 0.14761748 0.14801748 0.14841748 0.14881748
 0.14921748 0.14961748 0.15001748 0.15041748 0.15081748 0.15121748
 0.15161748 0.15201748 0.15241748 0.15281748 0.15321748 0.15361748
 0.15401748 0.15441748 0.15481748 0.15521748 0.15561748 0.15601748
 0.15641748 0.15681748 0.15721748 0.15761748 0.15801748 0.15841748
 0.15881748 0.15921748 0.15961748 0.16001748 0.16041748 0.16081748
 0.16121748 0.16161748 0.16201748 0.16241748 0.16281748 0.16321748
 0.16361748 0.16401748 0.16441748 0.16481748 0.16521748 0.16561748
 0.16601748 0.16641748 0.16681748 0.16721748 0.16761748 0.16801748
 0.16841748 0.16881748 0.16921748 0.16961748 0.17001748 0.17041748
 0.17081748 0.17121748 0.17161748 0.17201748 0.17241748 0.17281748
 0.17321748 0.17361748 0.17401748 0.17441748 0.17481748 0.17521748
 0.17561748 0.17601748 0.17641748 0.17681748 0.17721748 0.17761748
 0.17801748 0.17841748 0.17881748 0.17921748 0.17961748 0.18001748
 0.18041748 0.18081748 0.18121748 0.18161748 0.18201748 0.18241748
 0.18281748 0.18321748 0.18361748 0.18401748 0.18441748 0.18481748
 0.18521748 0.18561748 0.18601748 0.18641748 0.18681748 0.18721748
 0.18761748 0.18801748 0.18841748 0.18881748 0.18921748 0.18961748
 0.19001748 0.19041748 0.19081748 0.19121748 0.19161748 0.19201748
 0.19241748 0.19281748 0.19321748 0.19361748 0.19401748 0.19441748
 0.19481748]
nH: [2.35413564e+17 2.35688214e+17 2.36158892e+17 2.36757385e+17
 2.37441400e+17 2.38176125e+17 2.38941025e+17 2.39707199e+17
 2.40472532e+17 2.41274130e+17 2.42141410e+17 2.43080516e+17
 2.44099480e+17 2.45198536e+17 2.46380203e+17 2.47644470e+17
 2.48985786e+17 2.50398767e+17 2.51879567e+17 2.53443521e+17
 2.55098738e+17 2.56842300e+17 2.58675974e+17 2.60592347e+17
 2.62598804e+17 2.64695426e+17 2.66866103e+17 2.69090774e+17
 2.71338057e+17 2.73584762e+17 2.75797614e+17 2.77926428e+17
 2.79916829e+17 2.81703554e+17 2.83207946e+17 2.84378306e+17
 2.85201678e+17 2.85678915e+17 2.85829347e+17 2.85629854e+17
 2.85012898e+17 2.83976464e+17 2.82577731e+17 2.80871183e+17
 2.78919806e+17 2.76780374e+17 2.74492881e+17 2.72097000e+17
 2.69630131e+17 2.67122589e+17 2.64595010e+17 2.62056744e+17
 2.59514656e+17 2.56980733e+17 2.54453069e+17 2.51932273e+17
 2.49420867e+17 2.46918561e+17 2.44442736e+17 2.42007551e+17
 2.36498143e+17 2.27885198e+17 2.19268491e+17 2.10677393e+17
 2.02155923e+17 1.93741788e+17 1.85470250e+17 1.77378944e+17
 1.69486093e+17 1.61797955e+17 1.54320399e+17 1.47025697e+17
 1.39874932e+17 1.32815234e+17 1.25597935e+17 1.18078103e+17
 1.10214327e+17 1.01936604e+17 9.34311006e+16 8.51024813e+16
 7.72344648e+16 6.96519264e+16 6.21496728e+16 5.48807958e+16
 4.81701525e+16 4.21872871e+16 3.69491666e+16 3.24508418e+16
 2.86102348e+16 2.53318447e+16 2.25311466e+16 2.01331380e+16
 1.80752867e+16 1.63052682e+16 1.47798454e+16 1.34622860e+16
 1.23210486e+16 1.13297430e+16 1.04660569e+16 9.71142727e+15
 9.05007884e+15 8.46857329e+15 7.95563000e+15 7.50155077e+15
 7.09834797e+15 6.73917154e+15 6.41789084e+15 6.12929647e+15
 5.86895436e+15 5.63307904e+15 5.41842850e+15 5.22221688e+15
 5.04204187e+15 4.87582379e+15 4.72175386e+15 4.57824859e+15
 4.44396029e+15 4.31773316e+15 4.19853746e+15 4.08555393e+15
 3.97808127e+15 3.87542700e+15 3.77696370e+15 3.68212296e+15
 3.59038590e+15 3.50127321e+15 3.41433568e+15 3.32914291e+15
 3.24528259e+15 3.16239874e+15 3.08014316e+15 2.99811156e+15
 2.91585361e+15 2.83285346e+15 2.74849903e+15 2.66203627e+15
 2.57249961e+15 2.47860073e+15 2.37853863e+15 2.26964977e+15
 2.14770914e+15 2.00543333e+15 1.82912619e+15 1.59114907e+15
 1.23494252e+15]
GammaxH: [-2.87933733e+21 -2.87376976e+21 -2.86350841e+21 -2.85077512e+21
 -2.83551346e+21 -2.81767768e+21 -2.79724140e+21 -2.77416636e+21
 -2.74845100e+21 -2.72014958e+21 -2.68903914e+21 -2.65303777e+21
 -2.61033575e+21 -2.56094136e+21 -2.50486789e+21 -2.44212674e+21
 -2.37272288e+21 -2.29666289e+21 -2.21395864e+21 -2.12466195e+21
 -2.02881725e+21 -1.92649326e+21 -1.81780238e+21 -1.70283660e+21
 -1.58180388e+21 -1.45454514e+21 -1.31829142e+21 -1.17065472e+21
 -1.01177379e+21 -8.41898104e+20 -6.61271664e+20 -4.70069457e+20
 -2.68479388e+20 -5.76373753e+19  1.52993898e+20  3.54961253e+20
  5.48346158e+20  7.33327428e+20  9.10009176e+20  1.07531791e+21
  1.22374171e+21  1.35317465e+21  1.46405240e+21  1.55659259e+21
  1.63306226e+21  1.69653618e+21  1.74793007e+21  1.78730701e+21
  1.81468547e+21  1.83287573e+21  1.84491309e+21  1.85091230e+21
  1.85072079e+21  1.84483314e+21  1.83442085e+21  1.82011676e+21
  1.80169425e+21  1.77906057e+21  1.75260423e+21  1.72235774e+21
  1.68337318e+21  1.63728738e+21  1.59051071e+21  1.54318174e+21
  1.49552427e+21  1.44774148e+21  1.40005008e+21  1.35268728e+21
  1.30578909e+21  1.25941483e+21  1.21362883e+21  1.16826238e+21
  1.12305488e+21  1.07768377e+21  1.03055554e+21  9.80703021e+20
  9.27812473e+20  8.71409704e+20  8.12628785e+20  7.53657421e+20
  6.96107288e+20  6.39042703e+20  5.81348927e+20  5.24389983e+20
  4.70539873e+20  4.21201324e+20  3.76802819e+20  3.37459528e+20
  3.02831219e+20  2.72526846e+20  2.46130736e+20  2.23168317e+20
  2.03217969e+20  1.85906042e+20  1.70910217e+20  1.57941824e+20
  1.46737139e+20  1.37066037e+20  1.28727988e+20  1.21546430e+20
  1.15367448e+20  1.10055860e+20  1.05492388e+20  1.01574543e+20
  9.82066921e+19  9.53062275e+19  9.28089862e+19  9.06603720e+19
  8.88138569e+19  8.72298168e+19  8.58745505e+19  8.47194510e+19
  8.37402991e+19  8.29166673e+19  8.22314229e+19  8.16703125e+19
  8.12185433e+19  8.08620827e+19  8.05899958e+19  8.03867952e+19
  8.02401850e+19  8.01467295e+19  8.01041489e+19  8.01110988e+19
  8.01670838e+19  8.02723894e+19  8.04279746e+19  8.06354799e+19
  8.08963042e+19  8.12083326e+19  8.15710991e+19  8.19890754e+19
  8.24675539e+19  8.30127591e+19  8.36320666e+19  8.43343136e+19
  8.51302511e+19  8.60332183e+19  8.70601852e+19  8.82334574e+19
  8.95836709e+19  9.11554861e+19  9.30192478e+19  9.52960283e+19
  9.82103271e+19]
TH: [ 10.00205492  10.00476628  10.00997559  10.01657942  10.02463982
  10.03419438  10.0452344   10.05778211  10.07176913  10.08697518
  10.10335758  10.12206718  10.14394527  10.16864005  10.1957521
  10.2248602   10.25554411  10.28736358  10.31985097  10.3523878
  10.38437656  10.41521756  10.44424034  10.47089061  10.49442823
  10.51429439  10.53047908  10.54243356  10.54899565  10.54875475
  10.5402932   10.52224906  10.49308694  10.45122569  10.39611748
  10.32844588  10.24855063  10.15642351  10.05143955   9.93563462
   9.81400314   9.69005048   9.56564621   9.44227008   9.32097966
   9.20236343   9.08709917   8.97612266   8.87025934   8.76907228
   8.67174883   8.57826257   8.48861515   8.40273541   8.31992917
   8.23968126   8.16192101   8.08637864   8.01266045   7.9403473
   7.95849475   8.07635131   8.21013264   8.3609289    8.52955133
   8.71684154   8.92357012   9.15031694   9.39807417   9.66825476
   9.96242339  10.28389847  10.63747871  11.03018598  11.48404665
  12.02256544  12.67010602  13.46247734  14.41998102  15.53581966
  16.80473902  18.29377216  20.11226558  22.31752254  24.89330368
  27.8145138   31.0710239   34.62378248  38.46003142  42.57327892
  46.94761602  51.5646616   56.40013415  61.42408466  66.59898341
  71.88339488  77.23564094  82.61231668  87.97049619  93.26697411
  98.46163175 103.51860943 108.40551446 113.09579663 117.56585341
 121.79915468 125.78784507 129.52756946 133.01737477 136.25935143
 139.25817919 142.02065894 144.55526454 146.87172643 148.98062906
 150.892889   152.61931909 154.17103691 155.55909039 156.79419945
 157.88812339 158.85267282 159.6984012  160.43514192 161.07217312
 161.6183157  162.0820396  162.47149883 162.794549   163.05985709
 163.27757603 163.45878375 163.61613848 163.76539582 163.92725065
 164.13013439 164.41476131 164.84194202 165.50696408 166.56832837
 168.31058788 171.29462742 176.74809245 187.6535684  211.69144   ]
qxH_total: [-34136.94153734 -34126.89409798 -34107.66779928 -34084.50273377
 -34056.29202567 -34022.2004185  -33981.78404059 -33934.43323106
 -33880.12080951 -33819.65868112 -33752.92633724 -33674.12294527
 -33578.12991788 -33464.72682185 -33333.72016895 -33184.87184497
 -33017.85036016 -32832.32596091 -32627.97632525 -32404.61980495
 -32161.91359328 -31899.5770472  -31617.54390264 -31315.6207725
 -30994.09206243 -30651.62279355 -30274.96688007 -29851.68079299
 -29379.95317571 -28858.11268438 -28284.4733635  -27657.13597106
 -26974.11211429 -26237.03606276 -25479.07966222 -24731.00077761
 -23992.97067796 -23264.964632   -22547.02866434 -21854.47579032
 -21213.61211889 -20635.19257195 -20118.88912222 -19664.94360378
 -19266.62421039 -18913.77584814 -18603.36097968 -18335.52823878
 -18110.2534046  -17915.76664336 -17739.52607827 -17579.95723736
 -17435.94507742 -17304.38068664 -17178.22132541 -17052.99148537
 -16928.03149495 -16801.3568804  -16670.00768905 -16532.36994606
 -16408.75500198 -16295.48038976 -16168.65235312 -16028.72035445
 -15877.47774693 -15716.47325113 -15546.96439872 -15370.86474258
 -15188.95027543 -15001.75459714 -14809.74829447 -14611.66644608
 -14405.56556387 -14185.20336451 -13919.91626798 -13581.78425126
 -13140.90570783 -12551.93065722 -11808.58948613 -10996.82919294
 -10191.21598345  -9327.2816503   -8307.39629101  -7114.64817341
  -5842.12544849  -4565.90941047  -3327.2105092   -2183.1797645
  -1140.70864212   -180.90330754    710.76688899   1540.39955061
   2313.39668487   3034.56538493   3708.07321312   4337.69468231
   4926.5938992    5477.48940501   5993.07751485   6475.13325567
   6925.51539077   7345.9863234    7737.80307347   8102.59667715
   8440.60052709   8752.40941451   9040.23923394   9306.16998817
   9552.13992917   9779.9615513    9991.33547726  10187.86252037
  10371.05381797  10542.34031984  10703.08267391  10854.58171602
  10997.63147122  11132.78544097  11260.75865742  11381.34067217
  11494.56837415  11601.55709948  11703.37886722  11801.05650625
  11895.57168522  11987.87180447  12078.86826663  12169.44833637
  12260.35743865  12351.76012126  12443.95248251  12537.80465597
  12634.18578496  12733.968326    12838.0379488   12947.30450585
  13062.71533749  13185.27240431  13316.05496133  13456.25181794
  13607.21030638  13770.51896608  13948.1805049   14143.13294779
  14361.54154839]
NetHSource: [4.61133939e+22 5.02407597e+22 5.91377680e+22 6.78078655e+22
 7.54161699e+22 8.30228099e+22 9.00082802e+22 9.66965577e+22
 1.03644027e+23 1.11646055e+23 1.21026174e+23 1.39841764e+23
 1.58819801e+23 1.77884103e+23 1.97241191e+23 2.16634466e+23
 2.36158670e+23 2.55767412e+23 2.75621917e+23 2.96471244e+23
 3.17393355e+23 3.38821731e+23 3.60562867e+23 3.82624523e+23
 4.05778824e+23 4.30949745e+23 4.68921388e+23 5.07147172e+23
 5.45797117e+23 5.85657856e+23 6.25738736e+23 6.66369049e+23
 7.07328276e+23 7.43288790e+23 7.36860612e+23 7.30390508e+23
 7.22805566e+23 7.14590296e+23 7.05822836e+23 6.78103399e+23
 6.37959931e+23 5.96267518e+23 5.53559833e+23 5.11179200e+23
 4.76238598e+23 4.45354268e+23 4.13777822e+23 3.82017193e+23
 3.50345575e+23 3.33366224e+23 3.17450097e+23 3.02580704e+23
 2.88171683e+23 2.77137232e+23 2.72223144e+23 2.67266339e+23
 2.63776894e+23 2.62137154e+23 2.62208236e+23 2.63411887e+23
 2.36545347e+23 2.36785232e+23 2.36553834e+23 2.35636885e+23
 2.33475014e+23 2.30945370e+23 2.27328166e+23 2.23137563e+23
 2.18801341e+23 2.14403603e+23 2.09868386e+23 2.06924065e+23
 2.04440624e+23 2.04708091e+23 2.16761912e+23 2.26705274e+23
 2.43887174e+23 2.61663806e+23 2.71676737e+23 2.65083030e+23
 2.57086529e+23 2.65416829e+23 2.77099119e+23 2.80710279e+23
 2.69168121e+23 2.57129117e+23 2.39251988e+23 2.20473834e+23
 2.03807541e+23 1.89028117e+23 1.76014369e+23 1.64519451e+23
 1.54370864e+23 1.45378485e+23 1.37295537e+23 1.30151821e+23
 1.23770288e+23 1.18085329e+23 1.12999980e+23 1.08348543e+23
 1.04192022e+23 1.00363790e+23 9.68764321e+22 9.36823567e+22
 9.05918592e+22 8.77828475e+22 8.52234406e+22 8.28831106e+22
 8.07353207e+22 7.87570099e+22 7.69280246e+22 7.52307106e+22
 7.36495107e+22 7.21706935e+22 7.07820366e+22 6.94725788e+22
 6.81764848e+22 6.69183423e+22 6.56836700e+22 6.43639872e+22
 6.30954487e+22 6.18743356e+22 6.06951537e+22 5.95527933e+22
 5.84424889e+22 5.73597242e+22 5.62991298e+22 5.52570716e+22
 5.42126706e+22 5.31082451e+22 5.20143636e+22 5.09275268e+22
 4.98429249e+22 4.87550303e+22 4.76573414e+22 4.65418759e+22
 4.53984908e+22 4.42137444e+22 4.29689858e+22 4.16368000e+22
 4.01740016e+22 3.85065511e+22 3.64956255e+22 3.38601588e+22
 3.00144735e+22]
Sion: [9.09907553e+20 1.24604992e+21 1.74280188e+21 2.18675027e+21
 2.39709982e+21 2.60608345e+21 2.67930618e+21 2.68789748e+21
 2.75309816e+21 3.04728860e+21 3.34914028e+21 3.71623963e+21
 4.11684914e+21 4.53439084e+21 5.01348359e+21 5.49879844e+21
 6.01082361e+21 6.53949277e+21 7.12528802e+21 7.95301808e+21
 8.80096953e+21 9.99535533e+21 1.14296155e+22 1.31061615e+22
 1.56146950e+22 1.83680418e+22 2.14640546e+22 2.48714742e+22
 2.86841954e+22 3.33865805e+22 3.84587171e+22 4.40637319e+22
 5.01131194e+22 5.64004077e+22 6.25628060e+22 6.89321095e+22
 7.46663028e+22 8.01045662e+22 8.52978367e+22 8.90839469e+22
 9.27904275e+22 9.50275531e+22 9.64933716e+22 9.76132846e+22
 9.75698646e+22 9.74513474e+22 9.71119017e+22 9.66518673e+22
 9.62186321e+22 9.60132133e+22 9.57901345e+22 9.61605589e+22
 9.67930582e+22 9.77259224e+22 9.99661606e+22 1.02201896e+23
 1.05650819e+23 1.09672279e+23 1.13954637e+23 1.19379994e+23
 1.23215752e+23 1.25502624e+23 1.27553117e+23 1.29123551e+23
 1.29952969e+23 1.30421894e+23 1.30093302e+23 1.29265264e+23
 1.28218359e+23 1.27082313e+23 1.25704129e+23 1.25539308e+23
 1.25652288e+23 1.27520238e+23 1.37509897e+23 1.45882569e+23
 1.59081092e+23 1.72274106e+23 1.80083871e+23 1.78133979e+23
 1.74267764e+23 1.80593259e+23 1.87729084e+23 1.88156410e+23
 1.78633436e+23 1.68089807e+23 1.54160374e+23 1.39931930e+23
 1.27091316e+23 1.15446406e+23 1.05169934e+23 9.60948945e+22
 8.80966814e+22 8.10370327e+22 7.47494635e+22 6.92254069e+22
 6.43438898e+22 6.00367840e+22 5.62281210e+22 5.28202231e+22
 4.98072929e+22 4.71011357e+22 4.46825527e+22 4.25129531e+22
 4.05105796e+22 3.87188579e+22 3.71106290e+22 3.56615769e+22
 3.43507647e+22 3.31601416e+22 3.20740873e+22 3.10790525e+22
 3.01632444e+22 2.93163662e+22 2.85293756e+22 2.77942823e+22
 2.70880159e+22 2.64144504e+22 2.57664465e+22 2.51110046e+22
 2.44849247e+22 2.38849773e+22 2.33076570e+22 2.27497709e+22
 2.22083903e+22 2.16807926e+22 2.11641249e+22 2.06560780e+22
 2.01497616e+22 1.96287521e+22 1.91111043e+22 1.85946265e+22
 1.80766199e+22 1.75539701e+22 1.70229734e+22 1.64790450e+22
 1.59162974e+22 1.53268577e+22 1.46996974e+22 1.40184852e+22
 1.32572914e+22 1.23713825e+22 1.12766069e+22 9.80313527e+21
 7.60352931e+21]
QH_total: [ 110956.74949889  123198.76701995  143252.23690491  163610.59350918
  182787.2537697   202059.77205995  220387.24914215  238235.95420136
  256513.46134455  276632.27122087  300743.05211219  351446.97050463
  403293.34024094  456163.88381663  510647.97191991  566131.90486344
  622917.4512827   680914.0869096   740711.26405194  805287.83069346
  871602.96684116  940357.18622664 1011116.31022882 1083969.89201049
 1160630.57830085 1246845.07360124 1392056.25496841 1543201.24585154
 1701002.29112909 1868888.56174839 2042523.04442452 2223883.57832669
 2411892.91104803 2586769.24203873 2607454.31641586 2626745.32449091
 2640267.07677999 2650124.28325314 2656563.51493854 2575951.64447251
 2438445.32336377 2293334.53981146 2143382.7892674  1991333.21061302
 1864760.7416545  1753009.80583888 1638509.27268065 1522961.88443586
 1408457.8176398  1354428.40532731 1304816.17333965 1263665.96954842
 1226761.92225502 1205336.47472839 1213781.03447131 1222749.32724862
 1241167.02858779 1269779.9414514  1306732.02979864 1349397.23546991
 1288754.0222704  1347619.99129054 1405394.77338734 1460872.18512052
 1504670.70001758 1548411.29066317 1581952.45707228 1610556.94886331
 1638815.8065908  1665840.5830384  1692754.47837242 1737125.63327169
 1789583.69457647 1890396.48859319 2199479.10973262 2523495.28104062
 3050244.10635235 3699232.92933861 4260213.6593909  4347771.29130028
 4426537.15571289 4992115.42459159 5791253.03817047 6474908.84996094
 6634628.07907587 6791043.11958217 6649733.06337675 6394463.10569508
 6172597.43971633 6000840.06947641 5843948.3184327  5699469.71598675
 5566283.94800633 5442431.05639217 5323430.64429715 5212819.39577727
 5106393.35910587 5005501.63477874 4909192.79046359 4811212.54106847
 4719042.56102749 4625083.83412695 4533185.8407192  4442879.22774841
 4343232.01635832 4248654.07558276 4158978.05639544 4073845.3243267
 3992927.39280512 3915929.13227593 3842581.52287404 3772640.60996258
 3705879.78151742 3642093.84536961 3581093.87974989 3522706.71880881
 3462645.50716917 3403157.7096003  3343595.84565463 3276311.60185691
 3211548.815087   3149316.00574953 3089472.71771526 3031887.04775332
 2976437.65593123 2923009.9127303  2871421.29716477 2821616.63087408
 2772272.60899122 2719317.17350896 2668115.99992319 2618638.61468729
 2570801.06521178 2524522.49491696 2479727.86572    2436344.20636902
 2394302.57966462 2353536.16267825 2313979.55212441 2275566.9297089
 2238230.46348188 2201894.77413856 2166466.3026903  2131810.09013972
 2097712.70517942]
SideWallH: [0. 0. 0. 0. 0. 0. 0. 0. 0. 0. 0. 0. 0. 0. 0. 0. 0. 0. 0. 0. 0. 0. 0. 0.
 0. 0. 0. 0. 0. 0. 0. 0. 0. 0. 0. 0. 0. 0. 0. 0. 0. 0. 0. 0. 0. 0. 0. 0.
 0. 0. 0. 0. 0. 0. 0. 0. 0. 0. 0. 0. 0. 0. 0. 0. 0. 0. 0. 0. 0. 0. 0. 0.
 0. 0. 0. 0. 0. 0. 0. 0. 0. 0. 0. 0. 0. 0. 0. 0. 0. 0. 0. 0. 0. 0. 0. 0.
 0. 0. 0. 0. 0. 0. 0. 0. 0. 0. 0. 0. 0. 0. 0. 0. 0. 0. 0. 0. 0. 0. 0. 0.
 0. 0. 0. 0. 0. 0. 0. 0. 0. 0. 0. 0. 0. 0. 0. 0. 0. 0. 0. 0. 0. 0. 0. 0.
 0.]
Lyman: [148088.06580124 153623.82740654 140856.0907502  125013.20051113
 118056.19926732 111567.32427082 109811.06105055 110163.17395782
 108706.32381505 100499.38699204  93014.95922108  84956.33064923
  77396.51697207  70696.97047878  64157.40776404  58622.61110262
  53703.47542306  49426.48413739  45496.2344604   41146.26051947
  37602.21985498  35537.78202245  34231.00845087  33379.2064958
  33624.1205518   33908.33961582  34335.08018764  34886.59739223
  35550.35988337  36398.22006656  37409.141145    38510.31855856
  39742.92482443  41076.34662554  42318.82298437  43642.03340903
  44770.32371824  45800.02407313  46763.86226367  47342.69952326
  47876.64453264  47829.91815659  47481.6794465   47035.1012738
  46295.82910368  45537.37532556  44866.47875371  44232.32379982
  43556.78521637  42730.18892005  41913.64501108  40901.63276756
  39824.57728234  38813.62703087  37962.95309013  37158.55560743
  36629.0860389   36252.01526602  36004.15255353  36166.04953491
  35889.45667583  35449.13411035  35105.41114506  34764.49511184
  34630.78934982  34410.89925853  34240.4912924   34048.20987011
  33801.18861273  33587.72489914  33293.06477433  33093.64987291
  32865.7112364   32255.88749012  30676.01432536  29246.65565454
  27602.04079936  26165.93349869  25358.62548821  25954.48494468
  26066.84825892  25673.21484551  24656.86396306  23030.0793153
  21178.79195929  19016.30713284  16930.14102872  14984.91389982
  13186.36577867  11579.17565814  10168.39460423   8941.86477665
   7881.69995965   6970.3363542    6194.18156023   5528.64976005
   4958.89394901   4469.4160976    4048.00851358   3686.46306632
   3372.78613734   3101.86593765   2866.08618059   2660.23585671
   2482.73162914   2325.93962451   2186.82063446   2062.87109876
   1951.98169731   1852.36908244   1762.52136519   1681.15202909
   1607.16198847   1539.60875      1477.68081743   1420.67513485
   1368.68617072   1320.7536031    1276.48819754   1236.67197092
   1199.30997072   1164.09536202   1130.77538632   1099.12272019
   1068.93144637   1040.01309337   1012.20345046    985.33105011
    959.39992622    934.77189613    910.59256178    886.71095498
    862.97180286    839.20198552    815.20066002    790.72585578
    765.47337559    739.0434583     710.88415541    680.18687632
    645.67819867    605.17432563    554.58156974    485.64798997
    381.47002953]
Balmer: [823.87163451 869.04096006 834.07062583 772.85890557 743.97956748
 715.98493872 708.72164223 710.9941606  705.00612351 667.24677721
 631.49209905 591.4286435  552.37299123 516.50930566 480.20835757
 448.45867524 419.34911113 393.29811447 368.72996639 340.82475499
 317.35554852 304.73416043 297.26295962 292.64657086 296.04089613
 298.51352627 300.95593986 303.37320819 305.77958852 308.40516219
 311.66539114 315.08225644 319.12814849 323.82085715 328.20790827
 333.13545778 337.35834575 341.22875572 344.89087468 346.84547382
 348.52015721 347.22174001 344.32078201 340.86727926 335.95672685
 330.89085974 326.33754402 321.99103381 317.37440826 311.81160121
 306.30398053 299.51714069 292.2939609  285.4065787  279.24132691
 273.40563351 269.07909669 265.68543404 263.15092663 263.08256219
 259.9617211  255.39728331 251.55732498 247.884831   245.56201385
 242.86210739 240.54341741 238.18126002 235.59371681 233.31067375
 230.63008197 228.82649297 227.06093873 223.52127564 215.90500366
 208.95496894 201.5353326  195.24641635 192.16894268 197.49943892
 199.36963845 199.42140743 194.88558369 184.71394024 171.62501755
 155.79553637 139.9544384  124.86415644 110.73495935  97.935691
  86.60164153  76.6624113   68.00098949  60.49545385  54.04858683
  48.48287482  43.68555678  39.5394873   35.94998903  32.85043693
  30.14921123  27.80208118  25.74937745  23.94846701  22.38177482
  20.99285889  19.75626267  18.65083242  17.65867564  16.7646144
  15.95574128  15.22104329  14.55108683  13.93776563  13.37408638
  12.85398065  12.37649054  11.93438189  11.52408017  11.14919479
  10.79684658  10.46440131  10.14963066   9.85053119   9.56529106
   9.29225442   9.02995107   8.77690409   8.53264917   8.29872591
   8.06994656   7.84504309   7.62270205   7.40147412   7.17969573
   6.95538074   6.72605307   6.4884801    6.23822101   5.96879353
   5.67001249   5.32443466   4.89938853   4.32907217   3.47887499]
tiempo_ejecución: 44.69833564758301
