xH2: [0.13734576 0.13862576 0.14462576 0.14855819 0.150766   0.15244209
 0.15393781 0.15538165 0.15679987 0.15815937 0.15940286 0.16050365
 0.16147901]
nH2: [8.26136100e+18 8.16977626e+18 7.10000793e+18 5.33459479e+18
 3.58245741e+18 2.05594994e+18 1.03416438e+18 5.02753063e+17
 2.43253061e+17 1.19909532e+17 6.09881766e+16 3.18596606e+16
 1.69536078e+16]
GammaxH2: [1.53583556e+22 1.51724818e+22 1.31773567e+22 1.02350486e+22
 8.29802375e+21 5.70330508e+21 2.91758388e+21 1.45558084e+21
 7.37603112e+20 3.93766024e+20 2.27509647e+20 1.43661770e+20
 9.93270646e+19]
TH2: [0.        0.        0.        0.        0.        0.        0.
 0.        0.        0.        0.        0.        8.2904374]
qxH2_total: [655.10812512 648.13341207 569.96148272 447.70721198 337.15213558
 219.50450924 146.52616659 108.19646703  90.3399595   84.54492584
  87.23753454  98.27042331 341.23939338]
nHP: [5.10233041e+17 6.04889759e+17 5.79148172e+17 7.62155595e+17
 7.17418123e+17 4.84918940e+17 2.56997986e+17 1.25756846e+17
 6.08464472e+16 3.00762086e+16 1.56589347e+16 8.56721904e+15
 4.81028866e+15]
THP: [ 9.25226988  9.2678121   9.29083619 12.36576918 15.40056826 17.20815155
 17.95564273 18.05338288 18.05338288 18.09476508 18.45417209 19.20606367
 20.15349873]
SH: [1.25680477e+22 3.73533884e+22 1.09842119e+23 2.73245892e+23
 3.22791732e+23 2.43931855e+23 1.36332338e+23 6.85800684e+22
 3.37811897e+22 1.73631047e+22 9.61411929e+21 5.62190291e+21
 3.33669693e+21]
SP: [5.14800533e+22 1.52415623e+23 4.48052023e+23 1.39858175e+24
 1.95620127e+24 1.60684440e+24 9.27121762e+23 4.68270820e+23
 2.30660974e+23 1.18759699e+23 6.67300989e+22 4.01965026e+22
 2.47224108e+22]
xH: [0.13734576 0.1376182  0.1380182  0.1384182  0.1388182  0.1392182
 0.1396182  0.1400182  0.1404182  0.1408182  0.1412182  0.1416182
 0.1420182  0.1424182  0.1428182  0.1432182  0.1436182  0.1440182
 0.1444182  0.1448182  0.1452182  0.1456182  0.1460182  0.1464182
 0.1468182  0.1472182  0.1476182  0.1480182  0.1484182  0.1488182
 0.1492182  0.1496182  0.1500182  0.1504182  0.1508182  0.1512182
 0.1516182  0.1520182  0.1524182  0.1528182  0.1532182  0.1536182
 0.1540182  0.1544182  0.1548182  0.1552182  0.1556182  0.1560182
 0.1564182  0.1568182  0.1572182  0.1576182  0.1580182  0.1584182
 0.1588182  0.1592182  0.1596182  0.1600182  0.1604182  0.1608182
 0.1612182  0.1616182  0.1620182  0.1624182  0.1628182  0.1632182
 0.1636182  0.1640182  0.1644182  0.1648182  0.1652182  0.1656182
 0.1660182  0.1664182  0.1668182  0.1672182  0.1676182  0.1680182
 0.1684182  0.1688182  0.1692182  0.1696182  0.1700182  0.1704182
 0.1708182  0.1712182  0.1716182  0.1720182  0.1724182  0.1728182
 0.1732182  0.1736182  0.1740182  0.1744182  0.1748182  0.1752182
 0.1756182  0.1760182  0.1764182  0.1768182  0.1772182  0.1776182
 0.1780182  0.1784182  0.1788182  0.1792182  0.1796182  0.1800182
 0.1804182  0.1808182  0.1812182  0.1816182  0.1820182  0.1824182
 0.1828182  0.1832182  0.1836182  0.1840182  0.1844182  0.1848182
 0.1852182  0.1856182  0.1860182  0.1864182  0.1868182  0.1872182
 0.1876182  0.1880182  0.1884182  0.1888182  0.1892182  0.1896182
 0.1900182  0.1904182  0.1908182  0.1912182  0.1916182  0.1920182
 0.1924182  0.1928182  0.1932182  0.1936182  0.1940182  0.1944182
 0.1948182 ]
nH: [2.57696442e+17 2.58037851e+17 2.58590694e+17 2.59277896e+17
 2.60052484e+17 2.60877991e+17 2.61733349e+17 2.62586352e+17
 2.63433628e+17 2.64315139e+17 2.65261900e+17 2.66278351e+17
 2.67372201e+17 2.68543479e+17 2.69794799e+17 2.71126401e+17
 2.72533127e+17 2.74010362e+17 2.75555477e+17 2.77183921e+17
 2.78900324e+17 2.80696117e+17 2.82566336e+17 2.84494837e+17
 2.86477798e+17 2.88500069e+17 2.90519569e+17 2.92488710e+17
 2.94353229e+17 2.96076991e+17 2.97629482e+17 2.98962307e+17
 3.00020988e+17 3.00747844e+17 3.01084971e+17 3.00967924e+17
 3.00376550e+17 2.99355407e+17 2.97966268e+17 2.96166564e+17
 2.93896710e+17 2.91226384e+17 2.88254238e+17 2.85057151e+17
 2.81706910e+17 2.78267357e+17 2.74784384e+17 2.71293620e+17
 2.67819679e+17 2.64381127e+17 2.60989513e+17 2.57644310e+17
 2.54344644e+17 2.51090332e+17 2.47860215e+17 2.44646728e+17
 2.41442741e+17 2.38227391e+17 2.35011072e+17 2.31786125e+17
 2.28551319e+17 2.22818028e+17 2.14581387e+17 2.06362000e+17
 1.98201269e+17 1.90134640e+17 1.82195535e+17 1.74419801e+17
 1.66824730e+17 1.59416328e+17 1.52200338e+17 1.45150006e+17
 1.38227799e+17 1.31385705e+17 1.24377698e+17 1.17058110e+17
 1.09387300e+17 1.01293639e+17 9.29535085e+16 8.47651195e+16
 7.70107175e+16 6.95154378e+16 6.20774313e+16 5.48498367e+16
 4.81586817e+16 4.21779479e+16 3.69304715e+16 3.24166568e+16
 2.85583347e+16 2.52626356e+16 2.24465768e+16 2.00359279e+16
 1.79684129e+16 1.61916394e+16 1.46621324e+16 1.33428248e+16
 1.22017970e+16 1.12122917e+16 1.03516510e+16 9.60101212e+15
 8.94434039e+15 8.36796898e+15 7.86043203e+15 7.41187647e+15
 7.01419772e+15 6.66045606e+15 6.34444806e+15 6.06091549e+15
 5.80539077e+15 5.57406704e+15 5.36369044e+15 5.17147070e+15
 4.99500668e+15 4.83222414e+15 4.68132288e+15 4.54073025e+15
 4.40911007e+15 4.28531846e+15 4.16833615e+15 4.05735501e+15
 3.95168503e+15 3.85064313e+15 3.75361141e+15 3.66003028e+15
 3.56938873e+15 3.48121424e+15 3.39506322e+15 3.31050979e+15
 3.22714413e+15 3.14461192e+15 3.06256544e+15 2.98059948e+15
 2.89826323e+15 2.81504207e+15 2.73032910e+15 2.64338352e+15
 2.55326829e+15 2.45875219e+15 2.35814496e+15 2.24899506e+15
 2.12748019e+15 1.98706439e+15 1.81533458e+15 1.58630278e+15
 1.24238096e+15]
GammaxH: [-3.06262257e+21 -3.05465697e+21 -3.03793378e+21 -3.01521590e+21
 -2.98700127e+21 -2.95440404e+21 -2.91800025e+21 -2.87774771e+21
 -2.83364388e+21 -2.78574951e+21 -2.73411468e+21 -2.67875285e+21
 -2.61968358e+21 -2.55691616e+21 -2.49046534e+21 -2.42034347e+21
 -2.34655564e+21 -2.26910891e+21 -2.18801638e+21 -2.10106676e+21
 -2.00359339e+21 -1.89322321e+21 -1.77007838e+21 -1.63426127e+21
 -1.48600024e+21 -1.32552171e+21 -1.15294579e+21 -9.68405508e+20
 -7.72041889e+20 -5.66102433e+20 -3.53894307e+20 -1.36656042e+20
  8.54310431e+19  3.12248240e+20  5.42348960e+20  7.64629527e+20
  9.69541210e+20  1.15730495e+21  1.32805805e+21  1.47841350e+21
  1.60471101e+21  1.70704174e+21  1.78666493e+21  1.84780222e+21
  1.89394023e+21  1.92531087e+21  1.94407609e+21  1.95386773e+21
  1.95615603e+21  1.95097850e+21  1.94028406e+21  1.92586712e+21
  1.90757302e+21  1.88590853e+21  1.86151291e+21  1.83448118e+21
  1.80482952e+21  1.77266199e+21  1.73803978e+21  1.70088536e+21
  1.66121328e+21  1.61809253e+21  1.57241863e+21  1.52616354e+21
  1.47954332e+21  1.43275441e+21  1.38600815e+21  1.33953661e+21
  1.29347295e+21  1.24787604e+21  1.20281016e+21  1.15810939e+21
  1.11351750e+21  1.06873808e+21  1.02216964e+21  9.72829665e+20
  9.20420885e+20  8.64463111e+20  8.06063291e+20  7.47399355e+20
  6.90086032e+20  6.33183871e+20  5.75591738e+20  5.18686563e+20
  4.64857655e+20  4.15528543e+20  3.71147698e+20  3.31845057e+20
  2.97288405e+20  2.67089704e+20  2.40832256e+20  2.18038384e+20
  1.98281997e+20  1.81184320e+20  1.66417853e+20  1.53689000e+20
  1.42729540e+20  1.33305483e+20  1.25213080e+20  1.18272988e+20
  1.12329078e+20  1.07244526e+20  1.02898789e+20  9.91886693e+19
  9.60177770e+19  9.33030781e+19  9.09806029e+19  8.89959800e+19
  8.73030229e+19  8.58625325e+19  8.46412901e+19  8.36112091e+19
  8.27486120e+19  8.20336226e+19  8.14496570e+19  8.09830015e+19
  8.06193547e+19  8.03451600e+19  8.01500686e+19  8.00188919e+19
  7.99396520e+19  7.99094942e+19  7.99265805e+19  7.99899888e+19
  8.00996282e+19  8.02561735e+19  8.04609591e+19  8.07159902e+19
  8.10230562e+19  8.13803225e+19  8.17876169e+19  8.22498125e+19
  8.27725560e+19  8.33624234e+19  8.40271310e+19  8.47758299e+19
  8.56195284e+19  8.65717108e+19  8.76492771e+19  8.88740565e+19
  9.02754426e+19  9.18954296e+19  9.37991949e+19  9.60990475e+19
  9.90100119e+19]
TH: [  9.48420992   9.48783188   9.49609096   9.50772108   9.52232288
   9.53911841   9.55766164   9.57791778   9.59976831   9.62293422
   9.64713555   9.67216899   9.69780823   9.72385144   9.75008219
   9.77629367   9.80230818   9.82795209   9.85304738   9.87816131
   9.90457157   9.9323476    9.9604537    9.98789797  10.01348133
  10.03606499  10.05476147  10.06869967  10.07702468  10.07814069
  10.0702694   10.05227964  10.02310898   9.98144447   9.92588371
   9.85689826   9.77618933   9.68390267   9.57974133   9.46814208
   9.35477599   9.24194462   9.13178209   9.02502026   8.922262
   8.82479196   8.73301607   8.64660634   8.56556998   8.49020017
   8.42017782   8.35495995   8.29443189   8.23854758   8.18711324
   8.13994781   8.09715182   8.05893314   8.02516962   7.99619762
   7.97226103   8.02508072   8.16259378   8.31647969   8.48751805
   8.67653045   8.88427568   9.11133082   9.35869715   9.62779669
   9.92020528  10.23924289  10.58968714  10.97832146  11.42715085
  11.95963143  12.59964535  13.38261171  14.32894487  15.43194677
  16.68668078  18.16093925  19.96428991  22.1554286   24.7208054
  27.63839345  30.90080377  34.47117365  38.33836274  42.49684625
  46.93105615  51.62231335  56.54538987  61.66877024  66.95269318
  72.35299983  77.82505483  83.32231939  88.79880336  94.20833931
  99.50821061 104.66052059 109.631314   114.39309581 118.92172831
 123.20069923 127.22275691 130.9843757  134.48565833 137.72989486
 140.72303802 143.47317676 145.99004162 148.28455248 150.36839037
 152.2534602  153.95146296 155.47431459 156.83375944 158.04114847
 159.10884721 160.04919826 160.87320602 161.59111585 162.21259167
 162.74683004 163.20268007 163.58869566 163.91316381 164.18525475
 164.41571605 164.61627602 164.80028011 164.98416463 165.18919699
 165.44407115 165.78904711 166.28293393 167.01573444 168.13366492
 169.89390091 172.79713791 177.93957661 188.02358662 210.27795422]
qxH_total: [-34189.7542955  -34174.13075857 -34138.76090309 -34090.49639397
 -34029.68943898 -33958.58553571 -33878.34997935 -33788.35002732
 -33688.5449586  -33579.78887072 -33462.74108041 -33337.48830532
 -33204.1693957  -33062.76326993 -32913.27689951 -32755.66622485
 -32589.7879084  -32415.50426389 -32232.68931078 -32034.43494901
 -31805.72886959 -31537.92443271 -31229.93792591 -30880.60071233
 -30489.23553641 -30055.11611859 -29577.0577751  -29053.94196185
 -28484.62390287 -27871.72723533 -27219.83648126 -26529.69357874
 -25799.99423614 -25029.33574149 -24221.3755376  -23416.2611837
 -22650.13095416 -21923.8342838  -21238.31468393 -20611.41958241
 -20062.14875445 -19591.86561534 -19197.66495785 -18865.70747768
 -18584.71768427 -18354.64649996 -18167.67013682 -18010.48096628
 -17877.5800418  -17768.23196152 -17674.41345395 -17588.09476324
 -17508.19137743 -17431.71552094 -17353.96652361 -17272.72233159
 -17186.31781325 -17091.99094073 -16988.32592492 -16874.16680187
 -16748.11829293 -16616.94533321 -16480.27057401 -16330.76667217
 -16170.24898069 -16000.27169016 -15822.10482042 -15637.67330035
 -15447.73694305 -15252.80920721 -15053.3411614  -14848.01661673
 -14634.83598375 -14407.82882881 -14135.67451303 -13789.93929039
 -13340.95856439 -12743.24295867 -11989.51618749 -11167.44149763
 -10353.02350867  -9480.01561538  -8450.46037829  -7247.70896087
  -5965.37870271  -4679.79753406  -3432.26083418  -2280.04673851
  -1229.92636655   -262.98560211    635.31461602   1471.10227093
   2249.80778945   2976.26620677   3654.66741668   4288.8086765
   4881.87866025   5436.61882784   5955.76139681   6441.08676022
   6894.46064519   7317.67667238   7712.00901332   8079.1317469
   8419.26616825   8732.99831091   9022.58664814   9290.12499707
   9537.56452434   9766.7296533    9979.33184944  10176.98184738
  10361.19993001  10533.42554988  10695.02706611  10847.31234376
  10991.08042565  11126.89043616  11255.47905824  11376.6232689
  11490.34943817  11597.79477445  11700.03524437  11798.09734772
  11892.96610347  11985.59198526  12076.88923297  12167.74767843
  12258.9203223   12350.56743773  12442.98200671  12537.04259559
  12633.62019815  12733.5890689   12837.83664526  12947.27451678
  13062.85179459  13185.57221523  13316.51690398  13456.87671266
  13608.0013011   13771.48203263  13949.32560682  14144.47738301
  14363.12114067]
NetHSource: [5.57648524e+22 6.52061128e+22 8.30413675e+22 1.00641739e+23
 1.14325054e+23 1.25072793e+23 1.35143775e+23 1.44892655e+23
 1.54901309e+23 1.66101005e+23 1.77320668e+23 1.88873713e+23
 2.00600747e+23 2.12420070e+23 2.24554857e+23 2.36727777e+23
 2.49041899e+23 2.61445457e+23 2.74116051e+23 2.99118044e+23
 3.36336808e+23 3.74103036e+23 4.12191110e+23 4.50604677e+23
 4.90174111e+23 5.29918726e+23 5.69966506e+23 6.10227347e+23
 6.50859557e+23 6.82872500e+23 7.09700012e+23 7.37011929e+23
 7.64558754e+23 7.91976832e+23 8.11557342e+23 7.82849441e+23
 7.52789496e+23 7.21913225e+23 6.90613274e+23 6.38667661e+23
 5.86438431e+23 5.31066835e+23 4.78400799e+23 4.40831223e+23
 4.01858321e+23 3.62839521e+23 3.34033308e+23 3.12368785e+23
 2.90823948e+23 2.70248298e+23 2.59169799e+23 2.49157478e+23
 2.39618761e+23 2.33478573e+23 2.30755481e+23 2.27945042e+23
 2.27656722e+23 2.28892941e+23 2.30256140e+23 2.33453688e+23
 2.36701145e+23 2.31537470e+23 2.31522477e+23 2.30839293e+23
 2.28939181e+23 2.26679195e+23 2.23341988e+23 2.19438412e+23
 2.15383441e+23 2.11258334e+23 2.06987713e+23 2.04282668e+23
 2.02021985e+23 2.02297341e+23 2.14657140e+23 2.24736519e+23
 2.42059259e+23 2.59994247e+23 2.70452994e+23 2.63915547e+23
 2.56192756e+23 2.64761392e+23 2.76604140e+23 2.80348358e+23
 2.68873736e+23 2.56859472e+23 2.38942440e+23 2.20108499e+23
 2.03367177e+23 1.88507498e+23 1.75416978e+23 1.63854027e+23
 1.53649303e+23 1.44614442e+23 1.36500971e+23 1.29339773e+23
 1.22951625e+23 1.17269539e+23 1.12196693e+23 1.07561052e+23
 1.03427244e+23 9.96256697e+22 9.61680474e+22 9.30083566e+22
 8.99479783e+22 8.71724405e+22 8.46460247e+22 8.23378160e+22
 8.02210231e+22 7.82723653e+22 7.64715532e+22 7.48008375e+22
 7.32446269e+22 7.17891661e+22 7.04222489e+22 6.91329376e+22
 6.78554878e+22 6.66147022e+22 6.53978648e+22 6.40909463e+22
 6.28359155e+22 6.16269192e+22 6.04585084e+22 5.93256256e+22
 5.82235415e+22 5.71477791e+22 5.60929934e+22 5.50555663e+22
 5.40153055e+22 5.29125680e+22 5.18199813e+22 5.07332074e+22
 4.96474054e+22 4.85570589e+22 4.74556912e+22 4.63354394e+22
 4.51864258e+22 4.39957525e+22 4.27458444e+22 4.14113659e+22
 3.99530937e+22 3.83043849e+22 3.63391869e+22 3.37930863e+22
 3.00711036e+22]
Sion: [9.96034104e+20 1.36518410e+21 1.90932072e+21 2.39852276e+21
 2.62576828e+21 2.85488207e+21 2.93488227e+21 2.94444721e+21
 3.01125669e+21 3.33886946e+21 3.66950287e+21 4.07164870e+21
 4.51011540e+21 4.96700235e+21 5.49084085e+21 6.02110673e+21
 6.58025700e+21 7.15711733e+21 7.79657371e+21 8.69954183e+21
 9.62370880e+21 1.09262523e+22 1.24879755e+22 1.43128177e+22
 1.70395319e+22 2.00252906e+22 2.33725875e+22 2.70406374e+22
 3.11152187e+22 3.61404206e+22 4.15127034e+22 4.74096224e+22
 5.37237185e+22 6.02321414e+22 6.65234393e+22 7.29652496e+22
 7.86490655e+22 8.39496461e+22 8.89269436e+22 9.23774548e+22
 9.56926237e+22 9.74571890e+22 9.84353304e+22 9.90692365e+22
 9.85459867e+22 9.79760420e+22 9.72157385e+22 9.63671982e+22
 9.55712562e+22 9.50290747e+22 9.44860711e+22 9.45442372e+22
 9.48675294e+22 9.54690542e+22 9.73817475e+22 9.92520403e+22
 1.02280300e+23 1.05820907e+23 1.09556008e+23 1.14349346e+23
 1.19086990e+23 1.22724347e+23 1.24838638e+23 1.26489731e+23
 1.27421567e+23 1.28005185e+23 1.27805285e+23 1.27117426e+23
 1.26213682e+23 1.25220042e+23 1.23985231e+23 1.23949315e+23
 1.24183795e+23 1.26028371e+23 1.36204986e+23 1.44652589e+23
 1.57935121e+23 1.71233439e+23 1.79314403e+23 1.77452884e+23
 1.73785503e+23 1.80292409e+23 1.87559331e+23 1.88092282e+23
 1.78615047e+23 1.68073472e+23 1.54091986e+23 1.39792462e+23
 1.26866842e+23 1.15136131e+23 1.04779595e+23 9.56346279e+22
 8.75790024e+22 8.04754886e+22 7.41564014e+22 6.86131226e+22
 6.37228447e+22 5.94159370e+22 5.56155163e+22 5.22208111e+22
 4.92263877e+22 4.65424249e+22 4.41486385e+22 4.20063904e+22
 4.00308228e+22 3.82670631e+22 3.66863739e+22 3.52641065e+22
 3.39790880e+22 3.28130917e+22 3.17503819e+22 3.07773393e+22
 2.98821401e+22 2.90544797e+22 2.82853343e+22 2.75667440e+22
 2.68757663e+22 2.62163169e+22 2.55817888e+22 2.49377510e+22
 2.43225169e+22 2.37322857e+22 2.31636020e+22 2.26133212e+22
 2.20785567e+22 2.15566236e+22 2.10447011e+22 2.05405021e+22
 2.00373472e+22 1.95183378e+22 1.90020278e+22 1.84860012e+22
 1.79675545e+22 1.74435859e+22 1.69104218e+22 1.63635618e+22
 1.57972963e+22 1.52041053e+22 1.45736461e+22 1.38908965e+22
 1.31324084e+22 1.22580521e+22 1.11915686e+22 9.77326559e+21
 7.64931861e+21]
QH_total: [ 128548.2107461   155541.38096924  197778.16527184  240329.22719903
  274474.75043354  300973.68733813  326537.08577312  351627.12377885
  377111.95507602  404508.83242728  432138.47785039  460610.45711721
  489733.83809289  519393.25299198  550183.35025475  581508.26880792
  613668.6955129   646560.89824183  680788.53578359  753724.3516899
  867298.00067248  985986.61256226 1109170.88533817 1236875.1746325
 1370891.20401117 1509013.1560087  1651526.03804036 1798108.0348757
 1949585.83586792 2091628.22845036 2227832.95528751 2369772.86998386
 2516399.40488416 2666293.21958151 2791348.66825488 2737740.59079675
 2675555.15891336 2606944.62250658 2532828.40191031 2361569.01295621
 2183341.87169827 1994049.4011923  1812325.6506148  1683347.82123518
 1547971.9358964  1412448.9962527  1314702.50179067 1243749.48072972
 1173793.43408235 1109845.7999798  1082729.37787235 1064145.2782372
 1049816.18354936 1050497.54958115 1070039.41350364 1090114.84487027
 1124681.23449409 1168364.60415864 1213995.51808429 1269775.63889785
 1327420.77006471 1348564.20540272 1406404.66480878 1461915.52227901
 1505762.15237751 1549570.38992383 1583096.47778164 1611730.50196184
 1640014.37194383 1667065.38262056 1694003.41396802 1738458.88743008
 1790958.81050621 1888978.39226025 2201588.3838825  2525795.86128475
 3053344.79615292 3702668.3887857  4271325.26010329 4350419.40061183
 4429225.58372643 4996323.86381809 5795735.89731811 6479463.94320354
 6638149.16197959 6794551.7147496  6652379.54279947 6397040.79418927
 6175177.66579288 6003351.37383027 5846406.52338454 5701882.28197058
 5568668.34756036 5444819.78830065 5325782.82708526 5215177.19978107
 5108758.31124182 5007890.53410022 4911720.82575949 4813654.85952025
 4721531.0425502  4627602.23571243 4535757.33791811 4445704.21905417
 4345882.85024083 4251363.30527181 4161747.14213943 4076674.05144176
 3995817.29281404 3918879.50486797 3845591.9612374  3775709.26693866
 3709005.86843997 3645275.32321582 3584328.67280629 3525991.79524481
 3465965.17193847 3406518.69835723 3347130.76634257 3279713.97658151
 3214975.10665974 3152762.2849008  3092934.27762315 3035359.75925073
 2979916.51948419 2926490.61616408 2874898.73735834 2825086.02594494
 2775775.52382513 2722737.73084149 2671508.88777983 2621998.54254295
 2574121.82257285 2527798.51251943 2482952.54806019 2439510.89679912
 2397404.00185985 2356564.16025717 2316925.22678437 2278420.39743072
 2240980.24320421 2204526.81966953 2168961.45984798 2134135.72066292
 2099799.57496729]
SideWallH: [0. 0. 0. 0. 0. 0. 0. 0. 0. 0. 0. 0. 0. 0. 0. 0. 0. 0. 0. 0. 0. 0. 0. 0.
 0. 0. 0. 0. 0. 0. 0. 0. 0. 0. 0. 0. 0. 0. 0. 0. 0. 0. 0. 0. 0. 0. 0. 0.
 0. 0. 0. 0. 0. 0. 0. 0. 0. 0. 0. 0. 0. 0. 0. 0. 0. 0. 0. 0. 0. 0. 0. 0.
 0. 0. 0. 0. 0. 0. 0. 0. 0. 0. 0. 0. 0. 0. 0. 0. 0. 0. 0. 0. 0. 0. 0. 0.
 0. 0. 0. 0. 0. 0. 0. 0. 0. 0. 0. 0. 0. 0. 0. 0. 0. 0. 0. 0. 0. 0. 0. 0.
 0. 0. 0. 0. 0. 0. 0. 0. 0. 0. 0. 0. 0. 0. 0. 0. 0. 0. 0. 0. 0. 0. 0. 0.
 0.]
Lyman: [162105.21809771 168181.86707292 154200.7018548  136766.60405385
 129284.53824804 122188.25848839 120285.79639052 120677.81353886
 119235.23064473 110080.43090361 101881.66085405  93047.1078345
  84761.0366271   77413.13278556  70241.99838357  64170.52615002
  58772.53898297  54078.71177112  49762.50820681  44992.07179843
  41103.59719105  38834.69521114  37389.36355993  36440.50636715
  36681.32140376  36957.47991752  37378.3643444   37920.21547285
  38565.38849887  39391.3694405   40371.45153583  41426.26226101
  42598.81377585  43858.63166873  44991.66835941  46189.73089036
  47153.68471271  47994.0279309   48750.2407124   49089.91488119
  49370.83250828  49050.5109117   48435.07128876  47735.14648729
  46757.57379307  45781.2287855   44913.66781399  44101.32608738
  43265.21072893  42291.03106368  41341.95929749  40211.9262626
  39030.28420351  37921.41566652  36978.92637134  36083.70862187
  35457.91217706  34976.6145657   34612.17083124  34640.27305482
  34685.13951722  34663.15962475  34357.21572394  34055.18256433
  33956.01939436  33772.50421807  33638.7468223   33482.89086782
  33273.24481223  33096.01022044  32838.2440501   32674.35801513
  32481.44087632  31925.797334    30378.81417806  28995.23834745
  27395.9695541   26002.74577054  25205.03156414  25856.90497773
  25995.87309524  25626.82048784  24631.09805202  23018.90060241
  21175.08814984  19012.62614624  16922.00717236  14969.24880408
  13162.41057438  11547.46689426  10130.16215605   8898.66871772
   7835.13109537   6921.82512076   6145.01780216   5479.81422049
   4911.17388058   4423.39742381   4004.0615749    3644.92235324
   3333.76643436   3065.41632902   2832.19088159   2628.77920987
   2453.6945996    2299.15480307   2162.16408356   2040.20927593
   1931.17652536   1833.28232113   1745.01756567   1665.10040816
   1592.43780062   1526.09427775   1465.26566877   1409.25661676
   1358.1648952    1311.03775459   1267.47205293   1228.31611832
   1191.52140267   1156.81083021   1123.93577092   1092.67259356
   1062.8186209    1034.1881533    1006.61921887    979.94227203
    954.15541033    929.6382808     905.51951472    881.65575031
    857.89169659    834.0543943     809.9445041     785.32369465
    759.89584795    733.27764286    704.94919022    674.16376998
    639.76620946    599.79317494    550.53132078    484.22196828
    383.66956211]
Balmer: [901.85445268 951.46098226 913.1703629  845.79938456 814.76630377
 784.16953019 776.32503868 778.85509695 773.00604007 730.88794749
 691.71535643 647.78230458 604.95747855 565.60157726 525.77024623
 490.91561818 458.94491139 430.32743268 403.31964312 372.68931738
 346.91165606 333.0068711  324.68914514 319.48123607 322.94932627
 325.34498201 327.61581754 329.73551693 331.70105387 333.74252991
 336.31964984 338.9129555  342.03274805 345.71631645 348.91102638
 352.55702391 355.29488489 357.55326563 359.52284243 359.62970293
 359.38019833 356.07306604 351.22664323 345.93599752 339.30462893
 332.66157793 326.68085894 321.03902165 315.25155177 308.6117646
 302.13226372 294.47450736 286.47364337 278.86323831 272.01488277
 265.51065629 260.48997935 256.35509183 253.0026477  252.0051232
 251.25612928 249.74547255 246.20707871 242.83773468 240.7879794
 238.36761191 236.32615449 234.23644889 231.92327507 229.90408278
 227.48807502 225.93586904 224.41448876 221.20300932 213.82756701
 207.17252532 200.04785037 194.04417362 191.05120778 196.76437567
 198.83291472 199.07071086 194.68941478 184.62990192 171.59830278
 155.76848808 139.88971577 124.73687512 110.53789945  97.67276067
  86.28249993  76.29973245  67.6079949   60.08428783  53.63026606
  48.06601834  43.27712879  39.14474831  35.57241483  32.49296761
  29.81308293  27.48786741  25.45706902  23.6772647   22.1313866
  20.76199718  19.54387533  18.45577438  17.47975675  16.60063721
  15.80552942  15.08345808  14.42504134  13.82223286  13.26810295
  12.75665     12.28694776  11.85183305  11.44766576  11.07845699
  10.73104275  10.40298039  10.09207882   9.79636866   9.51406747
   9.24354549   8.9833534    8.73203284   8.48909023   8.25616354
   8.02798174   7.80332094   7.58086964   7.35918241   7.13661005
   6.91119847   6.68053934   6.44153519   6.19000609   5.91996983
   5.62219281   5.28099963   4.86675891   4.31759078   3.49648097]
tiempo_ejecución: 72.8844826221466
