xH2: [0.13734576 0.14116296 0.14716296 0.15037263 0.15258162 0.15453689
 0.1564438  0.15825347 0.1598375  0.16118804]
nH2: [6.34550459e+18 6.16083468e+18 5.07018658e+18 3.56333892e+18
 2.10476548e+18 1.06782231e+18 5.14473442e+17 2.52764693e+17
 1.29438000e+17 6.71545925e+16]
GammaxH2: [1.48315608e+22 1.44690810e+22 1.26821089e+22 1.10884028e+22
 7.76260037e+21 3.95807801e+21 1.93286300e+21 9.68715713e+20
 5.12018697e+20 2.79829704e+20]
TH2: [0.         0.         0.         0.         0.         0.
 0.         0.         0.         1.39445362]
qxH2_total: [1108.11450765 1079.53346605  921.3081949   692.66693979  405.96743927
  231.47107357  136.87969195   91.25937012   69.51570581  172.55010819]
nHP: [3.91907108e+17 4.74360089e+17 5.60541490e+17 6.80882538e+17
 4.99801758e+17 2.67101231e+17 1.28688540e+17 6.34195855e+16
 3.38202020e+16 1.87407864e+16]
THP: [ 9.25226988  9.27081962 10.72409883 14.89933101 17.30166673 18.05338248
 18.05338288 18.0995519  18.73209375 19.85182691]
SH: [9.65344620e+21 4.13175263e+22 1.69539136e+23 2.96138227e+23
 2.52895130e+23 1.43708639e+23 7.09945483e+22 3.67343283e+22
 2.13296294e+22 1.28015923e+22]
SP: [3.95415373e+22 1.68465205e+23 7.75752698e+23 1.75003280e+24
 1.67267853e+24 9.81255383e+23 4.84757103e+23 2.51304100e+23
 1.49702131e+23 9.37997812e+22]
xH: [0.13734576 0.13761759 0.13801759 0.13841759 0.13881759 0.13921759
 0.13961759 0.14001759 0.14041759 0.14081759 0.14121759 0.14161759
 0.14201759 0.14241759 0.14281759 0.14321759 0.14361759 0.14401759
 0.14441759 0.14481759 0.14521759 0.14561759 0.14601759 0.14641759
 0.14681759 0.14721759 0.14761759 0.14801759 0.14841759 0.14881759
 0.14921759 0.14961759 0.15001759 0.15041759 0.15081759 0.15121759
 0.15161759 0.15201759 0.15241759 0.15281759 0.15321759 0.15361759
 0.15401759 0.15441759 0.15481759 0.15521759 0.15561759 0.15601759
 0.15641759 0.15681759 0.15721759 0.15761759 0.15801759 0.15841759
 0.15881759 0.15921759 0.15961759 0.16001759 0.16041759 0.16081759
 0.16121759 0.16161759 0.16201759 0.16241759 0.16281759 0.16321759
 0.16361759 0.16401759 0.16441759 0.16481759 0.16521759 0.16561759
 0.16601759 0.16641759 0.16681759 0.16721759 0.16761759 0.16801759
 0.16841759 0.16881759 0.16921759 0.16961759 0.17001759 0.17041759
 0.17081759 0.17121759 0.17161759 0.17201759 0.17241759 0.17281759
 0.17321759 0.17361759 0.17401759 0.17441759 0.17481759 0.17521759
 0.17561759 0.17601759 0.17641759 0.17681759 0.17721759 0.17761759
 0.17801759 0.17841759 0.17881759 0.17921759 0.17961759 0.18001759
 0.18041759 0.18081759 0.18121759 0.18161759 0.18201759 0.18241759
 0.18281759 0.18321759 0.18361759 0.18401759 0.18441759 0.18481759
 0.18521759 0.18561759 0.18601759 0.18641759 0.18681759 0.18721759
 0.18761759 0.18801759 0.18841759 0.18881759 0.18921759 0.18961759
 0.19001759 0.19041759 0.19081759 0.19121759 0.19161759 0.19201759
 0.19241759 0.19281759 0.19321759 0.19361759 0.19401759 0.19441759
 0.19481759]
nH: [2.35404595e+17 2.35679353e+17 2.36150040e+17 2.36748216e+17
 2.37431894e+17 2.38166581e+17 2.38931431e+17 2.39697546e+17
 2.40463796e+17 2.41266320e+17 2.42133551e+17 2.43072600e+17
 2.44091497e+17 2.45190898e+17 2.46372900e+17 2.47637064e+17
 2.48978267e+17 2.50391127e+17 2.51872983e+17 2.53438005e+17
 2.55093122e+17 2.56836593e+17 2.58670194e+17 2.60587108e+17
 2.62594159e+17 2.64690943e+17 2.66861887e+17 2.69086816e+17
 2.71334416e+17 2.73581422e+17 2.75794567e+17 2.77923596e+17
 2.79913996e+17 2.81700556e+17 2.83204682e+17 2.84374746e+17
 2.85197882e+17 2.85675010e+17 2.85825439e+17 2.85625483e+17
 2.85007573e+17 2.83970284e+17 2.82570821e+17 2.80863879e+17
 2.78912170e+17 2.76772197e+17 2.74484202e+17 2.72087875e+17
 2.69620508e+17 2.67112552e+17 2.64584728e+17 2.62046217e+17
 2.59503899e+17 2.56968986e+17 2.54440412e+17 2.51919559e+17
 2.49408093e+17 2.46905733e+17 2.44429323e+17 2.41993612e+17
 2.36484435e+17 2.27871911e+17 2.19255654e+17 2.10665513e+17
 2.02144983e+17 1.93731374e+17 1.85460357e+17 1.77369453e+17
 1.69476995e+17 1.61789240e+17 1.54311335e+17 1.47016322e+17
 1.39866012e+17 1.32809260e+17 1.25594651e+17 1.18071263e+17
 1.10204278e+17 1.01927250e+17 9.34195703e+16 8.50890958e+16
 7.72224211e+16 6.96410699e+16 6.21399048e+16 5.48745785e+16
 4.81670828e+16 4.21845095e+16 3.69466990e+16 3.24486894e+16
 2.86085306e+16 2.53305011e+16 2.25299302e+16 2.01320434e+16
 1.80743061e+16 1.63044393e+16 1.47791502e+16 1.34616607e+16
 1.23204869e+16 1.13292385e+16 1.04656169e+16 9.71104583e+15
 9.04973690e+15 8.46826643e+15 7.95535415e+15 7.50130851e+15
 7.09813662e+15 6.73898242e+15 6.41772135e+15 6.12914438e+15
 5.86881772e+15 5.63295614e+15 5.41831777e+15 5.22211697e+15
 5.04195157e+15 4.87574199e+15 4.72167954e+15 4.57818191e+15
 4.44390092e+15 4.31767988e+15 4.19848803e+15 4.08550717e+15
 3.97803784e+15 3.87538661e+15 3.77692602e+15 3.68208764e+15
 3.59035262e+15 3.50124164e+15 3.41430544e+15 3.32911354e+15
 3.24525587e+15 3.16237552e+15 3.08012198e+15 2.99809206e+15
 2.91583556e+15 2.83283671e+15 2.74848345e+15 2.66202175e+15
 2.57248609e+15 2.47858813e+15 2.37852691e+15 2.26963892e+15
 2.14769914e+15 2.00542422e+15 1.82911808e+15 1.59114218e+15
 1.23493739e+15]
GammaxH: [-2.87921434e+21 -2.87364411e+21 -2.86338193e+21 -2.85064757e+21
 -2.83538501e+21 -2.81754893e+21 -2.79711255e+21 -2.77403758e+21
 -2.74832387e+21 -2.72002431e+21 -2.68889645e+21 -2.65286265e+21
 -2.61013412e+21 -2.56071982e+21 -2.50463239e+21 -2.44188260e+21
 -2.37247604e+21 -2.29641929e+21 -2.21372641e+21 -2.12444706e+21
 -2.02862346e+21 -1.92632654e+21 -1.81766869e+21 -1.70274511e+21
 -1.58176057e+21 -1.45452635e+21 -1.31826794e+21 -1.17061526e+21
 -1.01170765e+21 -8.41794197e+20 -6.61119239e+20 -4.69857419e+20
 -2.68195878e+20 -5.73305899e+19  1.53275671e+20  3.55230664e+20
  5.48611374e+20  7.33593495e+20  9.10284279e+20  1.07557860e+21
  1.22396055e+21  1.35335304e+21  1.46419222e+21  1.55669958e+21
  1.63314974e+21  1.69661000e+21  1.74798551e+21  1.78733934e+21
  1.81468809e+21  1.83286027e+21  1.84489331e+21  1.85088396e+21
  1.85067966e+21  1.84477144e+21  1.83434386e+21  1.82003481e+21
  1.80160611e+21  1.77896761e+21  1.75249936e+21  1.72224100e+21
  1.68325582e+21  1.63717188e+21  1.59039747e+21  1.54307280e+21
  1.49541958e+21  1.44763959e+21  1.39995102e+21  1.35259048e+21
  1.30569455e+21  1.25932254e+21  1.21353346e+21  1.16816409e+21
  1.12295915e+21  1.07760672e+21  1.03049581e+21  9.80620210e+20
  9.27708389e+20  8.71309385e+20  8.12522194e+20  7.53547398e+20
  6.96006945e+20  6.38951522e+20  5.81266896e+20  5.24328616e+20
  4.70496006e+20  4.21160728e+20  3.76765538e+20  3.37425431e+20
  3.02804825e+20  2.72507640e+20  2.46113476e+20  2.23152876e+20
  2.03204214e+20  1.85894395e+20  1.70900458e+20  1.57933193e+20
  1.46729542e+20  1.37059384e+20  1.28722100e+20  1.21541199e+20
  1.15362869e+20  1.10051870e+20  1.05488926e+20  1.01571414e+20
  9.82038308e+19  9.53037191e+19  9.28067927e+19  9.06584589e+19
  8.88121927e+19  8.72283738e+19  8.58733051e+19  8.47183809e+19
  8.37393843e+19  8.29158914e+19  8.22307710e+19  8.16697072e+19
  8.12179685e+19  8.08615869e+19  8.05896864e+19  8.03866641e+19
  8.02401080e+19  8.01467017e+19  8.01041662e+19  8.01111570e+19
  8.01671790e+19  8.02725191e+19  8.04281370e+19  8.06356743e+19
  8.08963532e+19  8.12082283e+19  8.15710091e+19  8.19889966e+19
  8.24674839e+19  8.30126956e+19  8.36320077e+19  8.43342578e+19
  8.51301971e+19  8.60331648e+19  8.70601306e+19  8.82334005e+19
  8.95836108e+19  9.11554217e+19  9.30191775e+19  9.52959502e+19
  9.82102379e+19]
TH: [ 10.0019299   10.00464277  10.00985287  10.01645842  10.02452055
  10.03407581  10.04511648  10.05766479  10.07164875  10.08685144
  10.10324554  10.12197572  10.14386977  10.16857405  10.19569116
  10.22480231  10.25548563  10.28730126  10.31977411  10.35229371
  10.38427162  10.41510074  10.44411132  10.47074223  10.49426176
  10.51412369  10.53031022  10.54226827  10.548833    10.54859309
  10.54012838  10.52207596  10.49289989  10.45101763  10.3958896
  10.32820287  10.24828906  10.15613416  10.0511149    9.93529151
   9.81366487   9.6897209    9.56532912   9.44197357   9.32070221
   9.20209768   9.08684782   8.97588897   8.87004266   8.76887041
   8.6715628    8.57809433   8.48846732   8.40259631   8.31979724
   8.23956952   8.16183085   8.08631028   8.01261103   7.94031732
   7.95848682   8.07636504   8.21016824   8.36097862   8.52961525
   8.71692739   8.9236786    9.15045186   9.39823696   9.66844712
   9.96267824  10.28422228  10.63784164  11.03044799  11.48420548
  12.02306375  12.67100072  13.46350129  14.42147797  15.53782289
  16.80682952  18.29598464  20.11461273  22.31925796  24.89432586
  27.81590527  31.07276377  34.6258856   38.46227364  42.5755028
  46.95005256  51.56734327  56.40306604  61.42710747  66.60204354
  71.88665272  77.2390717   82.61588488  87.97409216  93.27057356
  98.465305   103.52231518 108.4092115  113.09940358 117.56936233
 121.80261464 125.79122943 129.5308611  133.02056135 136.26242431
 139.26113247 142.02348902 144.55796999 146.87430684 148.98308159
 150.89521016 152.62152374 154.17314781 155.56111416 156.79612207
 157.88994067 158.85440056 159.70004726 160.4367126  161.07367438
 161.61975293 162.08341559 162.47280226 162.79579613 163.06108382
 163.27877695 163.45994667 163.61726455 163.7664884  163.92831342
 164.13117108 164.41577578 164.84293831 165.5079467  166.56930287
 168.31156139 171.29561021 176.74910201 187.65463901 211.69265045]
qxH_total: [-34136.66672287 -34126.6149161  -34107.38810682 -34084.21598943
 -34055.998644   -34021.90802541 -33981.49324244 -33934.14466953
 -33879.85651007 -33819.41968301 -33752.64198698 -33673.751739
 -33577.68926347 -33464.24189125 -33333.20980691 -33184.34842182
 -33017.33383139 -32831.83686242 -32627.54781161 -32404.27393779
 -32161.66111432 -31899.44119833 -31617.54858662 -31315.80447427
 -30994.48019446 -30652.11298979 -30275.43930574 -29852.09815004
 -29380.27745869 -28858.30351195 -28284.48699665 -27656.92795756
 -26973.63659674 -26236.46112561 -25478.58025425 -24730.54130701
 -23992.5223599  -23264.50196631 -22546.52056882 -21854.03030482
 -21213.34652423 -20635.09295634 -20118.94240803 -19665.13745715
 -19266.90907101 -18914.1172656  -18603.77617166 -18336.03454646
 -18110.85306105 -17916.41233647 -17740.18515994 -17580.6457615
 -17436.67899148 -17305.11540122 -17178.93419284 -17053.71540564
 -16928.77183265 -16802.1074822  -16670.76308882 -16533.13020374
 -16409.50993422 -16296.21977261 -16169.37311556 -16029.48337513
 -15878.28427689 -15717.27364386 -15547.7597478  -15371.64660682
 -15189.71944579 -15002.51181472 -14810.46685086 -14612.34610151
 -14406.23339647 -14186.1124545  -13921.05999821 -13582.43069914
 -13141.04211031 -12552.01577942 -11807.29735107 -10994.18062846
 -10188.55396415  -9324.57354329  -8304.60591787  -7113.34175317
  -5842.33132024  -4566.08700465  -3327.38342163  -2183.36989583
  -1140.56408677   -180.42281516    711.23278208   1540.85361283
   2313.84029521   3034.99119879   3708.48152843   4338.09434767
   4926.98593734   5477.87479615   5993.42043611   6475.43355343
   6925.80945355   7346.27431244   7738.08521862   8102.84357545
   8440.81169827   8752.61422812   9040.43803772   9306.36309887
   9552.32751935   9780.14390028   9991.51302398  10188.03547578
  10371.22237428  10542.50487653  10703.24357588  10854.72961629
  10997.76620857  11132.9163374   11260.90296651  11381.49845952
  11494.72261835  11601.70828261  11703.52740808  11801.2026813
  11895.71574735  11988.01406663  12079.00910389  12169.58822874
  12260.47263392  12351.85011794  12444.04073329  12537.89112206
  12634.27051267  12734.05134312  12838.11932447  12947.38432375
  13062.79368409  13185.34935558  13316.1305493   13456.32609912
  13607.28340389  13770.59096009  13948.25143932  14143.20289732
  14361.61052774]
NetHSource: [4.61134809e+22 5.02428227e+22 5.91392278e+22 6.77984304e+22
 7.54160328e+22 8.30221154e+22 9.00068018e+22 9.66945577e+22
 1.03674968e+23 1.11643584e+23 1.21113565e+23 1.39914431e+23
 1.58877621e+23 1.77942996e+23 1.97269508e+23 2.16647906e+23
 2.36157318e+23 2.55751204e+23 2.75641321e+23 2.96426120e+23
 3.17333374e+23 3.38747057e+23 3.60473334e+23 3.82543955e+23
 4.05660269e+23 4.30949711e+23 4.68947966e+23 5.07201453e+23
 5.45883195e+23 5.85767866e+23 6.25884910e+23 6.66534490e+23
 7.07521235e+23 7.43229734e+23 7.36812703e+23 7.30341395e+23
 7.22797031e+23 7.14601703e+23 7.05853697e+23 6.77995825e+23
 6.37857160e+23 5.96164217e+23 5.53458869e+23 5.11051388e+23
 4.76202229e+23 4.45305408e+23 4.13716136e+23 3.81943276e+23
 3.50280172e+23 3.33349508e+23 3.17422580e+23 3.02542761e+23
 2.88122874e+23 2.77200121e+23 2.72198737e+23 2.67238608e+23
 2.63746373e+23 2.62116081e+23 2.62236116e+23 2.63388792e+23
 2.36534568e+23 2.36773837e+23 2.36542402e+23 2.35595529e+23
 2.33464460e+23 2.30928986e+23 2.27317799e+23 2.23127372e+23
 2.18791369e+23 2.14393825e+23 2.09893395e+23 2.06913485e+23
 2.04430194e+23 2.04559703e+23 2.16762593e+23 2.26909731e+23
 2.43876914e+23 2.61651948e+23 2.71899250e+23 2.65051112e+23
 2.57055946e+23 2.65392554e+23 2.77073008e+23 2.80442028e+23
 2.69158633e+23 2.57119719e+23 2.39240811e+23 2.20463747e+23
 2.03795667e+23 1.89021509e+23 1.76008244e+23 1.64513695e+23
 1.54365560e+23 1.45365476e+23 1.37291570e+23 1.30148166e+23
 1.23766925e+23 1.18082235e+23 1.12992298e+23 1.08346069e+23
 1.04189775e+23 1.00361698e+23 9.68745179e+22 9.36770340e+22
 9.05902799e+22 8.77814212e+22 8.52221529e+22 8.28819343e+22
 8.07342451e+22 7.87560349e+22 7.69271417e+22 7.52298969e+22
 7.36487710e+22 7.21700174e+22 7.07814162e+22 6.94708277e+22
 6.81759548e+22 6.69178618e+22 6.56853574e+22 6.43635091e+22
 6.30949972e+22 6.18739185e+22 6.06947602e+22 5.95524202e+22
 5.84421318e+22 5.73593823e+22 5.62988010e+22 5.52567508e+22
 5.42093538e+22 5.31079554e+22 5.20140939e+22 5.09272809e+22
 4.98426878e+22 4.87548097e+22 4.76571320e+22 4.65416809e+22
 4.53983069e+22 4.42135684e+22 4.29688151e+22 4.16366433e+22
 4.01738537e+22 3.85064124e+22 3.64954958e+22 3.38600416e+22
 3.00143677e+22]
Sion: [9.09872884e+20 1.24613633e+21 1.74287006e+21 2.18456121e+21
 2.39705821e+21 2.60603365e+21 2.67919860e+21 2.68778924e+21
 2.76025875e+21 3.04726830e+21 3.34911007e+21 3.71622224e+21
 4.11681827e+21 4.53778596e+21 5.01345850e+21 5.49875602e+21
 6.01077493e+21 6.53942648e+21 7.13744624e+21 7.95305732e+21
 8.80099233e+21 9.99548841e+21 1.14297370e+22 1.31227350e+22
 1.56150969e+22 1.83692711e+22 2.14645518e+22 2.48720078e+22
 2.86870625e+22 3.33874238e+22 3.84637105e+22 4.40647829e+22
 5.01142004e+22 5.64086941e+22 6.25637004e+22 6.89166944e+22
 7.46667345e+22 8.01049193e+22 8.52976978e+22 8.90836317e+22
 9.27922859e+22 9.50260096e+22 9.64915311e+22 9.75878423e+22
 9.75673665e+22 9.74486388e+22 9.71089360e+22 9.66487308e+22
 9.62258780e+22 9.60097938e+22 9.57865972e+22 9.61571175e+22
 9.67894617e+22 9.77833403e+22 9.99620633e+22 1.02197619e+23
 1.05646778e+23 1.09667974e+23 1.13997077e+23 1.19374909e+23
 1.23212033e+23 1.25497192e+23 1.27547497e+23 1.29104613e+23
 1.29947580e+23 1.30412884e+23 1.30087729e+23 1.29259664e+23
 1.28212797e+23 1.27076733e+23 1.25727676e+23 1.25533058e+23
 1.25645971e+23 1.27417373e+23 1.37510997e+23 1.46026259e+23
 1.59073783e+23 1.72265217e+23 1.80189822e+23 1.78109721e+23
 1.74243973e+23 1.80573057e+23 1.87706835e+23 1.88000288e+23
 1.78625669e+23 1.68081867e+23 1.54151522e+23 1.39923833e+23
 1.27071925e+23 1.15441047e+23 1.05164946e+23 9.60902252e+22
 8.80923810e+22 8.10284533e+22 7.47462879e+22 6.92224917e+22
 6.43412190e+22 6.00343423e+22 5.62240416e+22 5.28183166e+22
 4.98055667e+22 4.70995554e+22 4.46811189e+22 4.25104678e+22
 4.05094458e+22 3.87178397e+22 3.71097140e+22 3.56607505e+22
 3.43500179e+22 3.31594688e+22 3.20734805e+22 3.10785024e+22
 3.01627468e+22 2.93159148e+22 2.85289651e+22 2.77935686e+22
 2.70876810e+22 2.64141498e+22 2.57667749e+22 2.51107264e+22
 2.44846655e+22 2.38847377e+22 2.33074333e+22 2.27495609e+22
 2.22081916e+22 2.16806035e+22 2.11639440e+22 2.06559020e+22
 2.01487888e+22 1.96286057e+22 1.91109703e+22 1.85945044e+22
 1.80765050e+22 1.75538641e+22 1.70228743e+22 1.64789533e+22
 1.59162121e+22 1.53267775e+22 1.46996219e+22 1.40184163e+22
 1.32572277e+22 1.23713245e+22 1.12765551e+22 9.80309149e+21
 7.60349620e+21]
QH_total: [ 110954.16866674  123199.98977823  143251.42676765  163593.40458421
  182781.59262791  202051.94076178  220376.82722977  238223.35134279
  256554.05073088  276616.30321118  300977.13043329  351638.82891724
  403441.06152304  456305.77947784  510702.30949267  566136.90482926
  622872.182973    680816.58406116  740738.16955421  805082.66971072
  871340.76652766  940036.56415396 1010735.31635036 1083582.79711207
 1160124.9847733  1246849.34323742 1392145.95959803 1543383.92586235
 1701300.45722057 1869272.64109543 2043059.92212211 2224487.70275588
 2412614.57456151 2586580.91227927 2607302.11599527 2626573.33560882
 2640252.01710958 2650182.48754767 2656695.10750256 2575461.65030437
 2438000.11998546 2292906.94026934 2142982.62743402 1990818.92126862
 1864605.0106343  1752810.83167563 1638265.78632083 1522675.48208044
 1408297.22226782 1354378.31918188 1304725.94381995 1263539.09362536
 1226595.22522106 1205819.27596297 1213725.2476101  1222679.95919621
 1241088.45859022 1269745.01397184 1306915.80768838 1349361.17736964
 1288757.56075018 1347637.05046019 1405412.43057993 1460450.34538348
 1504685.50686208 1548349.05569561 1581964.1578489  1610568.78643715
 1638827.50970902 1665852.76038421 1693110.22159089 1737144.50069724
 1789603.05136307 1888269.14556806 2199574.74671403 2527366.05707177
 3050424.81939372 3699425.43431138 4268766.72025092 4347804.9680796
 4426571.35116714 4992346.92925462 5791488.70287112 6464767.75609303
 6634700.42211225 6791116.19772072 6649691.11750112 6394426.83190746
 6174126.57063507 6000823.64920747 5843937.54445505 5699458.59119777
 5566275.52258085 5442178.34249434 5323424.62602906 5212814.97302378
 5106390.53275426 5005499.72006313 4908885.38561299 4811209.38621272
 4719041.2453858  4625080.56420732 4533183.41937837 4442626.60553493
 4343226.2065785  4248649.63817604 4158975.1872571  4073842.76812958
 3992925.12294455 3915927.90229628 3842581.55070232 3772640.18483751
 3705880.39511628 3642095.08123842 3581095.60190508 3522621.83336679
 3462646.08935144 3403158.63683242 3343754.02071115 3276309.59237535
 3211547.03912346 3149315.33803532 3089472.32598374 3031886.88219811
 2976437.56453295 2923010.22891477 2871421.92715396 2821617.68775712
 2772051.50448945 2719316.44913947 2668115.34574845 2618638.65132972
 2570800.87887381 2524522.64971885 2479728.12416524 2436344.83060983
 2394303.36579474 2353537.03911246 2313980.21584664 2275568.07219579
 2238231.81014859 2201896.22405608 2166467.79877965 2131811.85317902
 2097714.16979302]
SideWallH: [0. 0. 0. 0. 0. 0. 0. 0. 0. 0. 0. 0. 0. 0. 0. 0. 0. 0. 0. 0. 0. 0. 0. 0.
 0. 0. 0. 0. 0. 0. 0. 0. 0. 0. 0. 0. 0. 0. 0. 0. 0. 0. 0. 0. 0. 0. 0. 0.
 0. 0. 0. 0. 0. 0. 0. 0. 0. 0. 0. 0. 0. 0. 0. 0. 0. 0. 0. 0. 0. 0. 0. 0.
 0. 0. 0. 0. 0. 0. 0. 0. 0. 0. 0. 0. 0. 0. 0. 0. 0. 0. 0. 0. 0. 0. 0. 0.
 0. 0. 0. 0. 0. 0. 0. 0. 0. 0. 0. 0. 0. 0. 0. 0. 0. 0. 0. 0. 0. 0. 0. 0.
 0. 0. 0. 0. 0. 0. 0. 0. 0. 0. 0. 0. 0. 0. 0. 0. 0. 0. 0. 0. 0. 0. 0. 0.
 0.]
Lyman: [148082.42332125 153616.73607583 140846.06366664 125085.42990929
 118049.57071265 111561.05361546 109806.652131   110158.73774596
 108472.99159253 100493.90028382  93009.94104011  84951.26855477
  77392.00839515  70636.96101678  64153.79824613  58619.42242202
  53700.52334603  49423.83481182  45428.96174322  41144.23991988
  37600.45947984  35536.53104218  34229.85442997  33403.4174783
  33623.5271932   33908.49965756  34334.59827452  34886.16468486
  35550.18525151  36397.94631025  37407.19258281  38510.15928681
  39742.80477503  41079.98024868  42318.63532721  43636.65497379
  44769.98169147  45799.65987937  46763.38075625  47342.14534574
  47876.90653699  47828.85188145  47480.47838281  47028.08792841
  46294.45024385  45535.92219207  44864.99442613  44230.77578321
  43548.64612914  42728.46974293  41911.9064859   40899.79780927
  39822.74272426  38817.12651959  37960.93885441  37156.57559799
  36627.19888491  36250.14003639  36017.83539557  36164.11815425
  35889.07552345  35447.34456534  35103.62357869  34773.39033137
  34629.26365815  34410.42902997  34239.03132843  34046.7419993
  33799.75120086  33586.26622475  33295.12680511  33091.93797609
  32863.99187924  32265.7830686   30675.29474426  29235.50643914
  27599.64093688  26163.77317835  25326.21854801  25951.17610301
  26063.44989913  25669.79059865  24653.42078832  23034.3861253
  21177.64542087  19015.13675781  16929.07430956  14983.93244918
  13185.67301172  11578.52955119  10167.80482263   8941.33839946
   7881.23292523   6970.32174886   6193.85771665   5528.36372237
   4958.64196811   4469.19399564   4047.94052575   3686.30086107
   3372.64292965   3101.74027901   2865.97486902   2660.20709917
   2482.64932747   2325.86667457   2186.75586234   2062.81362611
   1951.93061178   1852.32346931   1762.48059572   1681.11552213
   1607.1292372    1539.57930047   1477.65425015   1420.66643286
   1368.66543987   1320.73509015   1276.44618584   1236.65654694
   1199.29576896   1164.08219387   1130.76318971   1099.11137953
   1068.92086504   1040.00316206   1012.19401585    985.32197596
    959.42066703    934.76505703    910.58638545    886.70526412
    862.96664715    839.1972233     815.19628981    790.72180601
    765.46963893    739.04003511    710.88104118    680.18398948
    645.67557152    605.17195798    554.57948527    485.64622831
    381.46873657]
Balmer: [823.84024322 869.00988662 834.02228307 773.14943447 743.94152633
 715.94815144 708.69318729 710.96552952 703.92795549 667.21451257
 631.46170403 591.39756423 552.34435258 516.17303254 480.18431934
 448.43675034 419.32831043 393.27893004 368.3083705  340.80987359
 317.34218012 304.72460648 297.25383883 292.84829287 296.03582834
 298.51373448 300.95119828 303.36868715 305.77496414 308.40150202
 311.64706111 315.07937699 319.12555969 323.83695187 328.20501244
 333.10979271 337.35470492 341.22503485 344.88670413 346.84080494
 348.51922536 347.21389405 344.31199886 340.83100429 335.94685184
 330.88042911 326.32683126 321.97984844 317.32227689 311.79919482
 306.29141106 299.50391051 292.28069755 285.41243028 279.22656186
 273.39110006 269.06508648 265.67154643 263.22459278 263.06821602
 259.95655961 255.38402061 251.54421137 247.93452773 245.55087997
 242.85708377 240.53289272 238.17076909 235.58348533 233.30038402
 230.64497328 228.81460928 227.04907003 223.56019782 215.90084697
 208.91344146 201.51918287 195.23143567 191.96128595 197.47470778
 199.34413959 199.39603088 194.85945818 184.73288199 171.61627676
 155.78647866 139.9459804  124.85630222 110.72684523  97.93044518
  86.5968172   76.65806796  67.9971085   60.49479234  54.04586395
  48.48045661  43.68341615  39.53759246  35.94919114  32.84904176
  30.14797638  27.80099326  25.74841157  23.94807355  22.38105498
  20.99221995  19.75569479  18.65032752  17.65822594  16.76421242
  15.95538175  15.22072037  14.55079691  13.93750458  13.37385053
  12.8538616   12.3763047   11.93421543  11.52377708  11.14905417
  10.79671678  10.4642811   10.14951911   9.85042727   9.56519388
   9.29216322   9.02986446   8.77682101   8.5327347    8.29866136
   8.06988781   7.84498887   7.62265246   7.40142814   7.17965327
   6.95534127   6.72601646   6.48844636   6.23818995   5.96876472
   5.66998615   5.32441073   4.89936722   4.32905396   3.47886097]
tiempo_ejecución: 41.42746710777283
