xH2: [0.13734576 0.14116754 0.14716754 0.15037514 0.15258372 0.15453897
 0.15644602 0.15825521 0.15983902 0.16118937]
nH2: [6.34500326e+18 6.15997992e+18 5.06813322e+18 3.56157895e+18
 2.10348436e+18 1.06709452e+18 5.14104839e+17 2.52627949e+17
 1.29360589e+17 6.71142276e+16]
GammaxH2: [1.48327896e+22 1.44693588e+22 1.26783342e+22 1.10829043e+22
 7.75812243e+21 3.95550080e+21 1.93152433e+21 9.68203206e+20
 5.11713835e+20 2.79657199e+20]
TH2: [0.         0.         0.         0.         0.         0.
 0.         0.         0.         1.39372935]
qxH2_total: [1108.16505561 1079.51644796  921.02186229  692.35829868  405.72671872
  231.30819672  136.77039739   91.18655517   69.45119944  172.36210825]
nHP: [3.91876145e+17 4.74340580e+17 5.60809170e+17 6.80814035e+17
 4.99548129e+17 2.66919192e+17 1.28596339e+17 6.33918923e+16
 3.38020152e+16 1.87308657e+16]
THP: [ 9.25226988  9.27082697 10.7290368  14.90341484 17.30307408 18.05338288
 18.05338288 18.10112925 18.73306573 19.85311488]
SH: [9.65268353e+21 4.13573354e+22 1.69726170e+23 2.96180412e+23
 2.52788951e+23 1.43615574e+23 7.09397623e+22 3.67243340e+22
 2.13201152e+22 1.27957645e+22]
SP: [3.95384133e+22 1.68627213e+23 7.76892540e+23 1.75064801e+24
 1.67207830e+24 9.80619939e+23 4.84383020e+23 2.51252075e+23
 1.49641131e+23 9.37615749e+22]
xH: [0.13734576 0.13761746 0.13801746 0.13841746 0.13881746 0.13921746
 0.13961746 0.14001746 0.14041746 0.14081746 0.14121746 0.14161746
 0.14201746 0.14241746 0.14281746 0.14321746 0.14361746 0.14401746
 0.14441746 0.14481746 0.14521746 0.14561746 0.14601746 0.14641746
 0.14681746 0.14721746 0.14761746 0.14801746 0.14841746 0.14881746
 0.14921746 0.14961746 0.15001746 0.15041746 0.15081746 0.15121746
 0.15161746 0.15201746 0.15241746 0.15281746 0.15321746 0.15361746
 0.15401746 0.15441746 0.15481746 0.15521746 0.15561746 0.15601746
 0.15641746 0.15681746 0.15721746 0.15761746 0.15801746 0.15841746
 0.15881746 0.15921746 0.15961746 0.16001746 0.16041746 0.16081746
 0.16121746 0.16161746 0.16201746 0.16241746 0.16281746 0.16321746
 0.16361746 0.16401746 0.16441746 0.16481746 0.16521746 0.16561746
 0.16601746 0.16641746 0.16681746 0.16721746 0.16761746 0.16801746
 0.16841746 0.16881746 0.16921746 0.16961746 0.17001746 0.17041746
 0.17081746 0.17121746 0.17161746 0.17201746 0.17241746 0.17281746
 0.17321746 0.17361746 0.17401746 0.17441746 0.17481746 0.17521746
 0.17561746 0.17601746 0.17641746 0.17681746 0.17721746 0.17761746
 0.17801746 0.17841746 0.17881746 0.17921746 0.17961746 0.18001746
 0.18041746 0.18081746 0.18121746 0.18161746 0.18201746 0.18241746
 0.18281746 0.18321746 0.18361746 0.18401746 0.18441746 0.18481746
 0.18521746 0.18561746 0.18601746 0.18641746 0.18681746 0.18721746
 0.18761746 0.18801746 0.18841746 0.18881746 0.18921746 0.18961746
 0.19001746 0.19041746 0.19081746 0.19121746 0.19161746 0.19201746
 0.19241746 0.19281746 0.19321746 0.19361746 0.19401746 0.19441746
 0.19481746]
nH: [2.35414867e+17 2.35689497e+17 2.36160174e+17 2.36758454e+17
 2.37442258e+17 2.38176992e+17 2.38941902e+17 2.39708089e+17
 2.40474022e+17 2.41276220e+17 2.42143517e+17 2.43082643e+17
 2.44101633e+17 2.45200986e+17 2.46382957e+17 2.47647267e+17
 2.48988631e+17 2.50401666e+17 2.51882716e+17 2.53446924e+17
 2.55102208e+17 2.56845839e+17 2.58679581e+17 2.60596219e+17
 2.62602940e+17 2.64699628e+17 2.66870342e+17 2.69095019e+17
 2.71342031e+17 2.73588427e+17 2.75801205e+17 2.77929892e+17
 2.79920068e+17 2.81706530e+17 2.83210567e+17 2.84380437e+17
 2.85203256e+17 2.85679924e+17 2.85829917e+17 2.85630040e+17
 2.85012656e+17 2.83975875e+17 2.82576888e+17 2.80870560e+17
 2.78919401e+17 2.76779773e+17 2.74492134e+17 2.72096145e+17
 2.69629167e+17 2.67121538e+17 2.64593924e+17 2.62055640e+17
 2.59513542e+17 2.56979603e+17 2.54451920e+17 2.51930970e+17
 2.49419426e+17 2.46917136e+17 2.44441495e+17 2.42006488e+17
 2.36497068e+17 2.27884151e+17 2.19267527e+17 2.10676508e+17
 2.02155110e+17 1.93741008e+17 1.85469497e+17 1.77378244e+17
 1.69485362e+17 1.61797196e+17 1.54319689e+17 1.47025029e+17
 1.39874299e+17 1.32808883e+17 1.25586331e+17 1.18067454e+17
 1.10204639e+17 1.01927877e+17 9.34255623e+16 8.50998580e+16
 7.72322119e+16 6.96500063e+16 6.21480470e+16 5.48819705e+16
 4.81736767e+16 4.21906205e+16 3.69523373e+16 3.24534821e+16
 2.86124387e+16 2.53336887e+16 2.25326936e+16 2.01344380e+16
 1.80763795e+16 1.63061813e+16 1.47806076e+16 1.34629276e+16
 1.23215883e+16 1.13301956e+16 1.04664344e+16 9.71174070e+15
 9.05033858e+15 8.46878698e+15 7.95580394e+15 7.50169851e+15
 7.09847482e+15 6.73927393e+15 6.41797223e+15 6.12935990e+15
 5.86900250e+15 5.63311417e+15 5.41845257e+15 5.22223160e+15
 5.04204874e+15 4.87582408e+15 4.72174867e+15 4.57823914e+15
 4.44394756e+15 4.31771789e+15 4.19851865e+15 4.08553146e+15
 3.97805678e+15 3.87540103e+15 3.77693667e+15 3.68209520e+15
 3.59035770e+15 3.50124483e+15 3.41430734e+15 3.32911485e+15
 3.24525441e+15 3.16237029e+15 3.08011489e+15 2.99808363e+15
 2.91582610e+15 2.83282648e+15 2.74847262e+15 2.66201050e+15
 2.57247454e+15 2.47857640e+15 2.37851512e+15 2.26962717e+15
 2.14768754e+15 2.00541290e+15 1.82910722e+15 1.59113212e+15
 1.23492885e+15]
GammaxH: [-2.87937018e+21 -2.87380316e+21 -2.86354213e+21 -2.85080884e+21
 -2.83554715e+21 -2.81771161e+21 -2.79727556e+21 -2.77420070e+21
 -2.74848634e+21 -2.72018589e+21 -2.68908154e+21 -2.65309131e+21
 -2.61039851e+21 -2.56101184e+21 -2.50494419e+21 -2.44220656e+21
 -2.37280431e+21 -2.29674404e+21 -2.21403797e+21 -2.12473755e+21
 -2.02888687e+21 -1.92655499e+21 -1.81785432e+21 -1.70287794e+21
 -1.58183271e+21 -1.45456687e+21 -1.31831092e+21 -1.17066702e+21
 -1.01177226e+21 -8.41877896e+20 -6.61229977e+20 -4.70001465e+20
 -2.68380050e+20 -5.74997011e+19  1.53168295e+20  3.55158919e+20
  5.48552557e+20  7.33528038e+20  9.10198528e+20  1.07548928e+21
  1.22388767e+21  1.35329831e+21  1.46415735e+21  1.55669002e+21
  1.63315355e+21  1.69661437e+21  1.74799774e+21  1.78736673e+21
  1.81473937e+21  1.83292424e+21  1.84495683e+21  1.85095332e+21
  1.85076118e+21  1.84487456e+21  1.83446325e+21  1.82015657e+21
  1.80172997e+21  1.77909325e+21  1.75263652e+21  1.72239009e+21
  1.68340388e+21  1.63731778e+21  1.59054145e+21  1.54321281e+21
  1.49555566e+21  1.44777300e+21  1.40008172e+21  1.35271922e+21
  1.30582049e+21  1.25944569e+21  1.21366000e+21  1.16829388e+21
  1.12308672e+21  1.07767881e+21  1.03051629e+21  9.80669213e+20
  9.27784421e+20  8.71387782e+20  8.12621328e+20  7.53662513e+20
  6.96114724e+20  6.39052470e+20  5.81361069e+20  5.24415727e+20
  4.70575541e+20  4.21233657e+20  3.76831739e+20  3.37483636e+20
  3.02851178e+20  2.72543234e+20  2.46144072e+20  2.23179032e+20
  2.03226422e+20  1.85912488e+20  1.70914946e+20  1.57945153e+20
  1.46739272e+20  1.37067153e+20  1.28728250e+20  1.21545974e+20
  1.15366385e+20  1.10054294e+20  1.05490407e+20  1.01572038e+20
  9.82037128e+19  9.53030019e+19  9.28055646e+19  9.06567972e+19
  8.88101659e+19  8.72260416e+19  8.58707187e+19  8.47155852e+19
  8.37364183e+19  8.29127883e+19  8.22275600e+19  8.16664643e+19
  8.12147188e+19  8.08583021e+19  8.05863862e+19  8.03833652e+19
  8.02368219e+19  8.01434376e+19  8.01009309e+19  8.01079570e+19
  8.01640193e+19  8.02694021e+19  8.04250649e+19  8.06326478e+19
  8.08935963e+19  8.12057492e+19  8.15685930e+19  8.19866455e+19
  8.24651990e+19  8.30104779e+19  8.36298576e+19  8.43321752e+19
  8.51281814e+19  8.60312151e+19  8.70582463e+19  8.82315805e+19
  8.95818536e+19  9.11537258e+19  9.30175410e+19  9.52943702e+19
  9.82087107e+19]
TH: [ 10.00221936  10.00493052  10.01013983  10.01674438  10.02480558
  10.03436029  10.0454005   10.05794842  10.07193354  10.0871376
  10.10351646  10.12221959  10.14409276  10.16878291  10.19589169
  10.22499915  10.2556837   10.28750493  10.31999379  10.35253287
  10.38452589  10.41537164  10.44439949  10.47105236  10.49459245
  10.51446173  10.53064915  10.5426081   10.54917923  10.54894739
  10.54049006  10.52244861  10.49328699  10.45142054  10.39630181
  10.32861716  10.2487069   10.15656477  10.05157962   9.93577329
   9.81412762   9.69016247   9.56574761   9.44237133   9.32108136
   9.2024564    9.08718402   8.97619972   8.87032759   8.76913233
   8.67180227   8.57830903   8.48865391   8.40276559   8.3199505
   8.23969286   8.16192358   8.08637439   8.0126505    7.94033192
   7.95847267   8.07632056   8.21009146   8.36087655   8.52948704
   8.71676527   8.92348112   9.15021359   9.39795867   9.66812674
   9.96227902  10.28373708  10.6372998   11.0303224   11.48453102
  12.02301922  12.67051811  13.46282705  14.42000414  15.5354794
  16.80433563  18.29325422  20.11154187  22.31573315  24.89027196
  27.81111716  31.06716971  34.61972338  38.45573779  42.5687416
  46.94283652  51.55965169  56.39491552  61.41870195  66.59347264
  71.87776651  77.22993366  82.60657543  87.96476768  93.26129711
  98.45603496 103.51312564 108.40016337 113.09053561 117.5607273
 121.79427186 125.78320505 129.52317592 133.01322971 136.2554543
 139.25452656 142.01724483 144.5520812  146.86876456 148.97787733
 150.8903351  152.6169549  154.16886154 155.55709743 156.79235809
 157.8864117  158.85108942 159.69693767 160.43378891 161.07092149
 161.61715707 162.08096677 162.47050866 162.79363133 163.05899701
 163.27677028 163.45803128 163.61543496 163.76473654 163.92663109
 164.12955025 164.41420839 164.84141631 165.50646156 166.56784493
 168.31011921 171.29416877 176.74763806 187.65310803 211.69093895]
qxH_total: [-34135.95713613 -34125.91046799 -34106.6842856  -34083.51425596
 -34055.29839645 -34021.20631485 -33980.78925478 -33933.43755018
 -33879.13670412 -33818.68591993 -33751.96867882 -33673.1941311
 -33577.2241698  -33463.84259861 -33332.85125478 -33184.00734742
 -33016.98365123 -32831.45022327 -32627.08645443 -32403.7085782
 -32160.97165023 -31898.5967181  -31616.51731128 -31314.54453302
 -30992.95794263 -30650.45410845 -30273.78454606 -29850.46186902
 -29378.6710085  -28856.74092554 -28282.98580792 -27655.50261213
 -26972.30129699 -26235.00628729 -25476.83620481 -24728.60744322
 -23990.49484028 -23262.47452372 -22544.58534268 -21852.11404817
 -21211.33566541 -20632.99121767 -20116.75174095 -19662.85685626
 -19264.58351814 -18911.77979524 -18601.39979229 -18333.59223483
 -18108.3295556  -17913.8525155  -17737.62253636 -17578.0547141
 -17434.03455803 -17302.45521014 -17176.28251942 -17051.04420382
 -16926.08324231 -16799.41563555 -16668.07270294 -16530.43928165
 -16406.82983063 -16293.55508662 -16166.71975391 -16026.77981423
 -15875.52861677 -15714.51205544 -15544.99044805 -15368.88021534
 -15186.96305574 -14999.76400322 -14807.74514463 -14609.65018972
 -14403.53557079 -14182.57552352 -13916.68643749 -13578.52991472
 -13137.62331067 -12548.61460774 -11806.24615468 -10995.45106722
 -10189.78394306  -9325.79454722  -8305.84682176  -7114.66004646
  -5843.69333897  -4567.74409948  -3329.31496526  -2185.21235905
  -1142.67402371   -182.80474937    708.92732201   1538.61998156
   2311.67537331   3032.90195716   3706.46636994   4336.14037446
   4925.09082596   5476.03787046   5991.67911653   6473.7866645
   6924.21646402   7344.73406968   7736.59644858   8101.39578889
   8439.40381722   8751.25384033   9039.12329013   9305.09221342
   9551.09893341   9778.9560954    9990.36438896  10186.92449277
  10370.14756329  10541.4647409   10702.23669947  10853.76229003
  10996.8374908   11132.01773288  11260.03378592  11380.65793022
  11493.90954761  11600.92145357  11702.76558872  11800.46483318
  11895.00082644  11987.32089829  12078.33661201  12168.93527444
  12259.86872181  12351.29521375  12443.50440328  12537.37282993
  12633.76965212  12733.56735154  12837.65161287  12946.93232217
  13062.35682422  13184.92704503  13315.72231021  13455.93143753
  13606.90179012  13770.22195949  13947.89460243  14142.85773696
  14361.27665406]
NetHSource: [4.61128632e+22 5.02399454e+22 5.91370552e+22 6.78002289e+22
 7.54156466e+22 8.30223743e+22 9.00079672e+22 9.66963248e+22
 1.03663920e+23 1.11646108e+23 1.20996389e+23 1.39816715e+23
 1.58799509e+23 1.77878526e+23 1.97230513e+23 2.16628554e+23
 2.36157528e+23 2.55771041e+23 2.75638533e+23 2.96484479e+23
 3.17411395e+23 3.38844551e+23 3.60590502e+23 3.82664905e+23
 4.05816176e+23 4.30952218e+23 4.68934901e+23 5.07172827e+23
 5.45817561e+23 5.85707535e+23 6.25802939e+23 6.66442898e+23
 7.07414141e+23 7.43409472e+23 7.36938312e+23 7.30431771e+23
 7.22810403e+23 7.14558568e+23 7.05694156e+23 6.78037668e+23
 6.37904323e+23 5.96216911e+23 5.53516662e+23 5.11091006e+23
 4.76202936e+23 4.45324728e+23 4.13754300e+23 3.81999972e+23
 3.50339378e+23 3.33350869e+23 3.17439829e+23 3.02575487e+23
 2.88171582e+23 2.77140918e+23 2.72222391e+23 2.67275010e+23
 2.63767859e+23 2.62126902e+23 2.62184700e+23 2.63404163e+23
 2.36545324e+23 2.36784105e+23 2.36552768e+23 2.35635897e+23
 2.33474091e+23 2.30946242e+23 2.27327288e+23 2.23136726e+23
 2.18802704e+23 2.14402633e+23 2.09867456e+23 2.06923038e+23
 2.04439616e+23 2.05025450e+23 2.16742947e+23 2.26686108e+23
 2.43866702e+23 2.61642790e+23 2.71475280e+23 2.65075321e+23
 2.57079467e+23 2.65408848e+23 2.77091309e+23 2.80452077e+23
 2.69182363e+23 2.57094743e+23 2.39266928e+23 2.20486686e+23
 2.03818580e+23 1.89037584e+23 1.76022374e+23 1.64526434e+23
 1.54376846e+23 1.45384617e+23 1.37299865e+23 1.30155298e+23
 1.23773445e+23 1.18088003e+23 1.13002628e+23 1.08350413e+23
 1.04193581e+23 1.00365077e+23 9.68774617e+22 9.36785545e+22
 9.05926136e+22 8.77834491e+22 8.52239080e+22 8.28834473e+22
 8.07355544e+22 7.87571592e+22 7.69280989e+22 7.52307079e+22
 7.36494557e+22 7.21705906e+22 7.07818957e+22 6.94721594e+22
 6.81762919e+22 6.69181330e+22 6.56856303e+22 6.43637270e+22
 6.30951707e+22 6.18740485e+22 6.06948599e+22 5.95524952e+22
 5.84421840e+22 5.73594086e+22 5.62988294e+22 5.52567727e+22
 5.42131842e+22 5.31079458e+22 5.20140633e+22 5.09272331e+22
 4.98426308e+22 4.87547452e+22 4.76570620e+22 4.65416052e+22
 4.53982239e+22 4.42134840e+22 4.29687339e+22 4.16365566e+22
 4.01737691e+22 3.85063333e+22 3.64954188e+22 3.38599724e+22
 3.00143188e+22]
Sion: [9.09912587e+20 1.24603501e+21 1.74278960e+21 2.18521241e+21
 2.39709962e+21 2.60608414e+21 2.67931602e+21 2.68790746e+21
 2.75746255e+21 3.04730231e+21 3.34915667e+21 3.71625523e+21
 4.11686843e+21 4.53656324e+21 5.01351953e+21 5.49883837e+21
 6.01087080e+21 6.53954669e+21 7.12734053e+21 7.95308979e+21
 8.80105446e+21 9.99543535e+21 1.14297125e+22 1.31117601e+22
 1.56148296e+22 1.83689571e+22 2.14642592e+22 2.48717175e+22
 2.86748372e+22 3.33868245e+22 3.84601574e+22 4.40640350e+22
 5.01134354e+22 5.64063368e+22 6.25631218e+22 6.89323461e+22
 7.46664911e+22 8.01046081e+22 8.52506361e+22 8.90838283e+22
 9.27927022e+22 9.50272745e+22 9.64929940e+22 9.75707747e+22
 9.75696956e+22 9.74511092e+22 9.71116225e+22 9.66515479e+22
 9.62206844e+22 9.60128070e+22 9.57897069e+22 9.61600838e+22
 9.67925730e+22 9.77256935e+22 9.99655646e+22 1.02212028e+23
 1.05649987e+23 1.09671423e+23 1.13940076e+23 1.19379177e+23
 1.23217934e+23 1.25501732e+23 1.27552252e+23 1.29122728e+23
 1.29952186e+23 1.30422178e+23 1.30092548e+23 1.29264542e+23
 1.28221606e+23 1.27081505e+23 1.25703350e+23 1.25538451e+23
 1.25651442e+23 1.27741813e+23 1.37496426e+23 1.45868671e+23
 1.59065930e+23 1.72258232e+23 1.79978771e+23 1.78127871e+23
 1.74262123e+23 1.80586988e+23 1.87722988e+23 1.88012644e+23
 1.78645910e+23 1.68076585e+23 1.54173365e+23 1.39943123e+23
 1.27100959e+23 1.15454682e+23 1.05176963e+23 9.61010071e+22
 8.81019241e+22 8.10420994e+22 7.47532618e+22 6.92285635e+22
 6.43466666e+22 6.00391443e+22 5.62302718e+22 5.28218963e+22
 4.98086972e+22 4.71023040e+22 4.46835100e+22 4.25121988e+22
 4.05112902e+22 3.87194357e+22 3.71110916e+22 3.56619354e+22
 3.43510369e+22 3.31603413e+22 3.20742236e+22 3.10791318e+22
 3.01632788e+22 2.93163614e+22 2.85293386e+22 2.77941475e+22
 2.70879337e+22 2.64143527e+22 2.57669520e+22 2.51108652e+22
 2.44847720e+22 2.38848163e+22 2.33074899e+22 2.27495992e+22
 2.22082149e+22 2.16806129e+22 2.11639494e+22 2.06559034e+22
 2.01498053e+22 1.96285761e+22 1.91109288e+22 1.85944541e+22
 1.80764488e+22 1.75538034e+22 1.70228105e+22 1.64788866e+22
 1.59161427e+22 1.53267075e+22 1.46995524e+22 1.40183458e+22
 1.32571584e+22 1.23712575e+22 1.12764903e+22 9.80303119e+21
 7.60344525e+21]
QH_total: [ 110957.59630432  123199.2255359   143253.34001177  163602.57949567
  182789.66691837  202062.84918484  220391.05304893  238240.41652364
  256551.72663388  276638.19784267  300666.1922836   351384.19562665
  403245.2511815   456156.16509376  510631.1650964   566131.49264616
  622933.85787152  680947.89989494  740792.05649255  805358.00055043
  871692.20971444  940465.99777611 1011245.30450483 1084138.21955158
 1160801.51953842 1246862.58612964 1392124.59287739 1543328.67564793
 1701117.95858039 1869148.12083214 2042868.89478872 2224294.1934349
 2412386.04751059 2587423.35093371 2607921.43872875 2627045.05458596
 2640397.17873598 2650081.75632304 2656076.43482495 2575734.53012946
 2438262.51762688 2293165.02785143 2143237.73718966 1990964.5055022
 1864639.47689992 1752911.14446457 1638433.19013901 1522908.56890539
 1408465.72829161 1354384.86486026 1304796.35262171 1263668.12808323
 1226785.1145451  1205373.29178572 1213793.64708411 1222820.02818434
 1241138.47230957 1269744.59081119 1306636.74248011 1349369.83103746
 1288725.77919641 1347617.71282461 1405392.66975527 1460870.45667065
 1504669.15302709 1548432.71987001 1581951.39174536 1610555.89152438
 1638786.68350032 1665839.54186232 1692753.54084409 1737123.37600274
 1789581.55663611 1895352.40256476 2199460.35965901 2523476.24257152
 3050211.60256831 3699199.20397786 4253778.87245123 4347766.49280966
 4426532.68309092 4992080.13775035 5791217.49426992 6464098.98022101
 6634627.21030122 6788756.08950698 6649751.8463986  6394480.41251641
 6172610.68840608 6000852.50704696 5843957.2961468  5699480.12772358
 5566293.24122539 5442470.66530443 5323439.37845203 5212814.70094146
 5106401.71338286 5005509.35735823 4909224.85858862 4811218.97098866
 4719049.24204594 4625090.80701292 4533191.77809503 4442560.51092953
 4343238.3550416  4248660.5015968  4158984.54260694 4073850.86034375
 3992932.85427971 3915934.66559977 3842587.13821637 3772644.98989545
 3705884.28309891 3642098.17679344 3581098.24538776 3522692.85755811
 3462649.8033807  3403161.9366268  3343761.21504648 3276315.93326247
 3211553.06679411 3149320.22785957 3089476.85296045 3031891.27133983
 2976441.40802541 2923012.95445249 2871425.21494218 2821620.38302585
 2772335.99449551 2719320.87186047 2668119.32743784 2618642.06572221
 2570804.14540561 2524525.77081698 2479730.98199127 2436347.51982205
 2394305.55064692 2353538.9978927  2313982.39966231 2275569.63627207
 2238233.25703953 2201897.71223711 2166468.89496115 2131812.60952326
 2097715.0577597 ]
SideWallH: [0. 0. 0. 0. 0. 0. 0. 0. 0. 0. 0. 0. 0. 0. 0. 0. 0. 0. 0. 0. 0. 0. 0. 0.
 0. 0. 0. 0. 0. 0. 0. 0. 0. 0. 0. 0. 0. 0. 0. 0. 0. 0. 0. 0. 0. 0. 0. 0.
 0. 0. 0. 0. 0. 0. 0. 0. 0. 0. 0. 0. 0. 0. 0. 0. 0. 0. 0. 0. 0. 0. 0. 0.
 0. 0. 0. 0. 0. 0. 0. 0. 0. 0. 0. 0. 0. 0. 0. 0. 0. 0. 0. 0. 0. 0. 0. 0.
 0. 0. 0. 0. 0. 0. 0. 0. 0. 0. 0. 0. 0. 0. 0. 0. 0. 0. 0. 0. 0. 0. 0. 0.
 0. 0. 0. 0. 0. 0. 0. 0. 0. 0. 0. 0. 0. 0. 0. 0. 0. 0. 0. 0. 0. 0. 0. 0.
 0.]
Lyman: [148088.88500174 153624.87802409 140857.62847589 125070.4461615
 118056.93645858 111568.0201005  109811.46432836 110163.58306217
 108569.58287264 100500.61907136  93016.09316384  84957.44880144
  77397.52335516  70662.8972554   64158.40276918  58623.53399433
  53704.30443007  49427.24266403  45486.36176512  41146.9977072
  37602.8843631   35538.34974198  34231.54703685  33388.15434576
  33624.64998005  33909.54706589  34335.61560492  34887.13145531
  35550.07911785  36398.67756289  37409.0988771   38510.75733777
  39743.33829514  41079.63985434  42319.1697631   43642.30754039
  44770.533177    45800.1413321   46751.44034384  47342.69838092
  47877.5598688   47829.83282764  47481.54072034  47024.62303981
  46295.77964015  45537.29351532  44866.36598666  44232.19464393
  43555.15160856  42730.03802501  41913.49363727  40901.48833172
  39824.43061787  38813.50060339  37962.79304241  37160.41819146
  36628.87666336  36251.8024144   35999.41375831  36165.86854871
  35892.11106198  35448.92294205  35105.20445183  34764.29224949
  34630.59484611  34410.39479436  34240.29336025  34048.02159701
  33803.85785977  33587.50900247  33292.85385837  33093.43957175
  32865.5021632   32229.02254898  30673.1701519   29243.99714554
  27599.59867667  26163.65961596  25379.81434179  25953.5643364
  26065.98341158  25672.41581536  24656.15268659  23037.43777587
  21180.30415108  19019.04142393  16931.57820549  14986.12637512
  13187.38043825  11580.02007965  10169.10105024   8942.44574086
   7882.18042923   6970.68423762   6194.5041405    5528.92227879
   4959.11364541   4469.59694912   4048.14657773   3686.583999
   3372.88453081   3101.94555317   2866.15013397   2660.37717681
   2482.77694487   2325.97577391   2186.84906785   2062.89330001
   1951.9985421    1852.38132839   1762.52987587   1681.15751079
   1607.16484245   1539.60949504   1477.67981389   1420.67593294
   1368.68280575   1320.74945722   1276.45730944   1236.66555923
   1199.30300647   1164.08792537   1130.76761735   1099.11475048
   1068.92337911   1040.00509285   1012.1953163     985.32302194
    959.38405458    934.76370432    910.58443376    886.70287764
    862.96388529    839.19416904    815.19299117    790.71833943
    765.46606672    739.03635741    710.87727266    680.18023986
    645.67183439    605.16826649    554.57594539    485.6429516
    381.46595999]
Balmer: [823.87619204 869.04543098 834.07793477 773.09808943 743.98360456
 715.98884807 708.72424496 710.99680093 704.38008533 667.25428323
 631.49920077 591.43574829 552.37959379 516.32183946 480.2153202
 448.46528669 419.35521994 393.30384013 368.66957854 340.83055525
 317.36091411 304.73883438 297.26748974 292.7211879  296.04553034
 298.52322094 300.96071561 303.37798016 305.78640241 308.40925809
 311.66509788 315.08610756 319.13173577 323.83859946 328.21082396
 333.13777998 337.36008836 341.22979802 344.83609142 346.84557401
 348.52465781 347.22112417 344.31979737 340.81772663 335.95634929
 330.89024766 326.33671469 321.99008418 317.36411336 311.81048287
 306.30285347 299.51605919 292.29286507 285.40554682 279.24016094
 273.41465846 269.07758878 265.68390798 263.12395045 263.08129853
 259.97704511 255.39583521 251.55591389 247.88345222 245.5606933
 242.8590294  240.54207849 238.17998442 235.609743   233.30921001
 230.62865258 228.82505256 227.05950282 223.40351091 215.88492143
 208.93593367 201.51739691 195.22940214 192.30107449 197.49244545
 199.36302487 199.41509012 194.87988028 184.75564056 171.63705572
 155.81491866 139.96611748 124.87408139 110.7433253   97.94269458
  86.60752251  76.66728286  68.00503749  60.49846886  54.05132739
  48.4851868   43.68743515  39.54103724  35.95119252  32.85147704
  30.15005905  27.80276833  25.74992966  23.94950766  22.38216699
  20.99317213  19.75650946  18.65102505  17.65882213  16.76472137
  15.95581621  15.22109165  14.55111276  13.93777347  13.37407934
  12.85398147  12.37646346  11.93434822  11.52388358  11.14914212
  10.79678937  10.46434021  10.14956685   9.85046591   9.5652249
   9.29218873   9.02988471   8.77683871   8.53254004   8.29865941
   8.06988059   7.84497771   7.62263802   7.40141112   7.17963398
   6.95532046   6.72599448   6.48842327   6.23816608   5.96874063
   5.66996194   5.32438667   4.89934399   4.32903236   3.47884289]
tiempo_ejecución: 43.29758334159851
