xH2: [0.13734576 0.1399511  0.1459511  0.14900791 0.15091115 0.15240536
 0.1537458  0.15503524 0.15630591 0.15754348 0.15870925 0.15977008
 0.1607212  0.16157707]
nH2: [9.14174507e+18 8.88431228e+18 7.20976435e+18 5.31773819e+18
 3.45202339e+18 1.92409189e+18 9.74648285e+17 4.79772525e+17
 2.35178220e+17 1.17570322e+17 6.10418287e+16 3.33805025e+16
 1.94240780e+16 1.21301232e+16]
GammaxH2: [1.53609651e+22 1.48654805e+22 1.19302013e+22 8.95461109e+21
 7.14757853e+21 5.00345210e+21 2.67444420e+21 1.44838557e+21
 8.35765146e+20 5.35900983e+20 3.87294662e+20 3.10280537e+20
 2.67406897e+20 2.41571028e+20]
TH2: [ 0.          0.          0.          0.          0.          0.
  0.          0.          0.          0.          0.          0.
  0.         53.72484701]
qxH2_total: [ 698.87713244  683.92295858  593.72463048  503.12682804  464.87593804
  433.79682603  395.21338367  394.00889314  433.63647654  528.39342175
  702.16963445  979.5437982  1370.3681172  5518.91316907]
nHP: [5.64606774e+17 6.69797889e+17 6.42519511e+17 8.23650045e+17
 7.02838440e+17 4.53006296e+17 2.41458774e+17 1.20008577e+17
 5.88266354e+16 2.94282784e+16 1.54355799e+16 8.69846309e+15
 5.28651788e+15 3.46263349e+15]
THP: [ 9.25226988  9.26921575  9.6406202  12.98449407 15.58507199 17.18353498
 17.90964186 18.05338288 18.05338288 18.06343878 18.21816784 18.68898397
 19.41134325 20.26598328]
SH: [1.39073801e+22 4.78639847e+22 1.60568664e+23 3.11165109e+23
 3.20036126e+23 2.27525130e+23 1.27419088e+23 6.50940289e+22
 3.23796121e+22 1.66181764e+22 9.14279170e+21 5.46353103e+21
 3.51475161e+21 2.41328629e+21]
SP: [5.69661008e+22 1.95234839e+23 6.74692364e+23 1.65428407e+24
 1.95712018e+24 1.49715871e+24 8.64847931e+23 4.44467831e+23
 2.21090877e+23 1.13517588e+23 6.28526504e+22 3.82801604e+22
 2.53292409e+22 1.79541820e+22]
xH: [0.13734576 0.1376182  0.1380182  0.1384182  0.1388182  0.1392182
 0.1396182  0.1400182  0.1404182  0.1408182  0.1412182  0.1416182
 0.1420182  0.1424182  0.1428182  0.1432182  0.1436182  0.1440182
 0.1444182  0.1448182  0.1452182  0.1456182  0.1460182  0.1464182
 0.1468182  0.1472182  0.1476182  0.1480182  0.1484182  0.1488182
 0.1492182  0.1496182  0.1500182  0.1504182  0.1508182  0.1512182
 0.1516182  0.1520182  0.1524182  0.1528182  0.1532182  0.1536182
 0.1540182  0.1544182  0.1548182  0.1552182  0.1556182  0.1560182
 0.1564182  0.1568182  0.1572182  0.1576182  0.1580182  0.1584182
 0.1588182  0.1592182  0.1596182  0.1600182  0.1604182  0.1608182
 0.1612182  0.1616182  0.1620182  0.1624182  0.1628182  0.1632182
 0.1636182  0.1640182  0.1644182  0.1648182  0.1652182  0.1656182
 0.1660182  0.1664182  0.1668182  0.1672182  0.1676182  0.1680182
 0.1684182  0.1688182  0.1692182  0.1696182  0.1700182  0.1704182
 0.1708182  0.1712182  0.1716182  0.1720182  0.1724182  0.1728182
 0.1732182  0.1736182  0.1740182  0.1744182  0.1748182  0.1752182
 0.1756182  0.1760182  0.1764182  0.1768182  0.1772182  0.1776182
 0.1780182  0.1784182  0.1788182  0.1792182  0.1796182  0.1800182
 0.1804182  0.1808182  0.1812182  0.1816182  0.1820182  0.1824182
 0.1828182  0.1832182  0.1836182  0.1840182  0.1844182  0.1848182
 0.1852182  0.1856182  0.1860182  0.1864182  0.1868182  0.1872182
 0.1876182  0.1880182  0.1884182  0.1888182  0.1892182  0.1896182
 0.1900182  0.1904182  0.1908182  0.1912182  0.1916182  0.1920182
 0.1924182  0.1928182  0.1932182  0.1936182  0.1940182  0.1944182
 0.1948182 ]
nH: [2.61199664e+17 2.61561271e+17 2.62140073e+17 2.62859974e+17
 2.63671868e+17 2.64535258e+17 2.65426826e+17 2.66313805e+17
 2.67193970e+17 2.68109274e+17 2.69091157e+17 2.70143508e+17
 2.71273377e+17 2.72479629e+17 2.73763495e+17 2.75123446e+17
 2.76552050e+17 2.78042089e+17 2.79587926e+17 2.81203224e+17
 2.82893797e+17 2.84653843e+17 2.86481211e+17 2.88359876e+17
 2.90282598e+17 2.92230301e+17 2.94156738e+17 2.96009219e+17
 2.97727302e+17 2.99249991e+17 3.00518908e+17 3.01488191e+17
 3.02115749e+17 3.02353556e+17 3.02161845e+17 3.01494471e+17
 3.00338145e+17 2.98749312e+17 2.96800410e+17 2.94446781e+17
 2.91647422e+17 2.88495388e+17 2.85092494e+17 2.81512486e+17
 2.77827604e+17 2.74101371e+17 2.70370685e+17 2.66665753e+17
 2.63009445e+17 2.59409318e+17 2.55870388e+17 2.52393535e+17
 2.48965291e+17 2.45579555e+17 2.42219776e+17 2.38861854e+17
 2.35493533e+17 2.32095104e+17 2.28657590e+17 2.25183766e+17
 2.21670545e+17 2.15989732e+17 2.08159842e+17 2.00341236e+17
 1.92572669e+17 1.84887349e+17 1.77316692e+17 1.69894583e+17
 1.62637354e+17 1.55550673e+17 1.48640041e+17 1.41879856e+17
 1.35234133e+17 1.28656623e+17 1.21910027e+17 1.14852729e+17
 1.07444195e+17 9.96125498e+16 9.15256993e+16 8.35685177e+16
 7.60159592e+16 6.86988656e+16 6.14206687e+16 5.43314876e+16
 4.77530183e+16 4.18598442e+16 3.66788371e+16 3.22144452e+16
 2.83928192e+16 2.51246107e+16 2.23294248e+16 1.99349157e+16
 1.78801433e+16 1.61136582e+16 1.45926463e+16 1.32805064e+16
 1.21456487e+16 1.11615462e+16 1.03057025e+16 9.55936717e+15
 8.90658523e+15 8.33374764e+15 7.82943036e+15 7.38381281e+15
 6.98881447e+15 6.63751619e+15 6.32373442e+15 6.04222854e+15
 5.78854683e+15 5.55889705e+15 5.35003894e+15 5.15919493e+15
 4.98397581e+15 4.82231846e+15 4.67243310e+15 4.53275675e+15
 4.40196202e+15 4.27891308e+15 4.16259830e+15 4.05221626e+15
 3.94708332e+15 3.84652269e+15 3.74992219e+15 3.65672736e+15
 3.56643185e+15 3.47856731e+15 3.39269390e+15 3.30838912e+15
 3.22524617e+15 3.14291334e+15 3.06104532e+15 2.97923915e+15
 2.89704607e+15 2.81395326e+15 2.72935547e+15 2.64251338e+15
 2.55249128e+15 2.45805921e+15 2.35752804e+15 2.24844735e+15
 2.12699596e+15 1.98663922e+15 1.81496591e+15 1.58599159e+15
 1.24213671e+15]
GammaxH: [-3.09024779e+21 -3.08202674e+21 -3.06663375e+21 -3.04727457e+21
 -3.02388576e+21 -2.99641578e+21 -2.96483578e+21 -2.92894856e+21
 -2.88783134e+21 -2.84078000e+21 -2.78784541e+21 -2.72904128e+21
 -2.66438753e+21 -2.59389362e+21 -2.51757458e+21 -2.43544295e+21
 -2.34750390e+21 -2.25376455e+21 -2.15423812e+21 -2.04898262e+21
 -1.93804762e+21 -1.82150924e+21 -1.69867337e+21 -1.56476411e+21
 -1.41595122e+21 -1.25246307e+21 -1.07442133e+21 -8.81959947e+20
 -6.75220507e+20 -4.54463247e+20 -2.23685956e+20  9.81407811e+18
  2.42479830e+20  4.74202903e+20  7.04999268e+20  9.26718031e+20
  1.12883702e+21  1.30911228e+21  1.46762358e+21  1.60269066e+21
  1.71266134e+21  1.79786332e+21  1.86161559e+21  1.90834714e+21
  1.93968383e+21  1.95750195e+21  1.96545289e+21  1.96554236e+21
  1.95835703e+21  1.94592195e+21  1.92968844e+21  1.90973853e+21
  1.88693182e+21  1.86199574e+21  1.83477106e+21  1.80550221e+21
  1.77433422e+21  1.74110993e+21  1.70593815e+21  1.66871402e+21
  1.62938672e+21  1.58730975e+21  1.54313893e+21  1.49837289e+21
  1.45321832e+21  1.40786353e+21  1.36251217e+21  1.31738860e+21
  1.27262203e+21  1.22826988e+21  1.18439517e+21  1.14083676e+21
  1.09734508e+21  1.05363093e+21  1.00813047e+21  9.59880194e+20
  9.08582002e+20  8.53758433e+20  7.96482795e+20  7.38875641e+20
  6.82516962e+20  6.26491858e+20  5.69724635e+20  5.13576138e+20
  4.60407548e+20  4.11636224e+20  3.67721670e+20  3.28805632e+20
  2.94572143e+20  2.64647585e+20  2.38626242e+20  2.16038809e+20
  1.96465313e+20  1.79531445e+20  1.64912905e+20  1.52318467e+20
  1.41481723e+20  1.32170034e+20  1.24180708e+20  1.17335205e+20
  1.11478072e+20  1.06473069e+20  1.02200157e+20  9.85566170e+19
  9.54464648e+19  9.27870679e+19  9.05148875e+19  8.85759545e+19
  8.69244580e+19  8.55215502e+19  8.43343406e+19  8.33350480e+19
  8.25002790e+19  8.18104205e+19  8.12491322e+19  8.08029244e+19
  8.04576975e+19  8.02000786e+19  8.00198913e+19  7.99020979e+19
  7.98348622e+19  7.98154700e+19  7.98422092e+19  7.99142718e+19
  8.00316692e+19  8.01951678e+19  8.04061851e+19  8.06668002e+19
  8.09788687e+19  8.13406134e+19  8.17519147e+19  8.22176949e+19
  8.27436449e+19  8.33363800e+19  8.40036512e+19  8.47546409e+19
  8.56003849e+19  8.65543918e+19  8.76335829e+19  8.88598060e+19
  9.02624705e+19  9.18835833e+19  9.37883306e+19  9.60890235e+19
  9.90006738e+19]
TH: [  9.45110627   9.45470791   9.46182467   9.47102694   9.48231879
   9.49568033   9.5110469    9.52847248   9.5483559    9.57080759
   9.59547149   9.62205079   9.65021351   9.67963952   9.70998395
   9.74090274   9.77207426   9.80317634   9.8338786    9.86373161
   9.89232963   9.91929157   9.94442678   9.9686033    9.99177388
  10.01263985  10.03010563  10.04304478  10.05029526  10.05051213
  10.04178261  10.02217384   9.99057517   9.94613548   9.88760346
   9.81526023   9.73118773   9.63614882   9.5305048    9.4191634
   9.30767663   9.19836781   9.09270643   8.99117736   8.89485296
   8.80453505   8.71998977   8.64123774   8.56858206   8.50167992
   8.44019316   8.38408074   8.33317146   8.28732205   8.24644962
   8.2108117    8.18054416   8.15593838   8.13749392   8.12523229
   8.1195614    8.18265251   8.3210504    8.47570746   8.64739764
   8.83693955   9.04509149   9.27243269   9.51996958   9.78913078
  10.08150031  10.40040716  10.7506348   11.13897344  11.58741502
  12.11935951  12.75864101  13.54056608  14.4854359   15.58655553
  16.83918104  18.3112606   20.11237707  22.3014075   24.86526455
  27.78262511  31.04669074  34.62113685  38.49518997  42.66349735
  47.11047941  51.81728435  56.75835376  61.90168865  67.2068982
  72.62909103  78.12284971  83.64084171  89.13632629  94.56246835
  99.87601289 105.03868076 110.01629623 114.7813072  119.30966598
 123.58507912 127.60060415 131.35308149 134.84301232 138.07409535
 141.05268383 143.78724516 146.28785644 148.56574624 150.63286348
 152.50133966 154.18306703 155.6901172  157.03435219 158.22721793
 159.28114399 160.20850079 161.02030293 161.72679245 162.33761948
 162.86195885 163.30863234 163.68616253 164.00280327 164.26769344
 164.491547   164.68605475 164.86452623 165.04336421 165.24380543
 165.4945168  165.83573584 166.32625524 167.05607053 168.17140572
 169.92947229 172.83106126 177.97260767 188.05706834 210.31473204]
qxH_total: [-34212.40447284 -34195.99382616 -34163.69536226 -34123.78279826
 -34075.10085168 -34016.77313832 -33948.34431755 -33868.7702298
 -33775.58818964 -33667.62631772 -33545.51164803 -33409.29124232
 -33259.06549079 -33094.77267761 -32916.3801849  -32723.80364088
 -32516.85743671 -32295.36144233 -32059.14753373 -31808.20963612
 -31542.37417871 -31261.51867486 -30962.88666083 -30628.85107492
 -30244.14405137 -29807.23200266 -29316.14475443 -28768.9718132
 -28163.77868427 -27498.72410232 -26782.87208488 -26035.63596267
 -25266.24714849 -24474.13856155 -23658.4325222  -22849.12599911
 -22086.61317116 -21381.58836502 -20735.8696485  -20161.2813672
 -19668.84938846 -19258.7682156  -18920.99800363 -18640.67504028
 -18413.00680897 -18231.74287813 -18083.36976186 -17960.7849277
 -17861.85187922 -17778.12775816 -17703.51425371 -17636.60017322
 -17572.2892468  -17506.76904598 -17438.5161614  -17364.61028741
 -17282.87159728 -17191.57718294 -17088.96433342 -16973.9615225
 -16845.22840559 -16710.48926458 -16570.57398395 -16417.92253022
 -16254.35771177 -16081.43786419 -15900.43542775 -15713.27841819
 -15520.72335506 -15323.27720863 -15121.38504866 -14913.71508193
 -14698.2493584  -14468.99577653 -14194.54864205 -13846.41992767
 -13394.92186745 -12794.52752906 -12037.99989646 -11213.11880225
 -10395.97116048  -9520.23392873  -8487.85568063  -7282.21839633
  -5997.05465999  -4708.77019493  -3458.69387089  -2304.13652881
  -1251.86682706   -282.95706691    617.14521322   1454.58192518
   2234.79602944   2962.63392555   3642.29530666   4277.58668786
   4871.70576982   5427.40220534   5947.415856     6433.533899
   6887.62844632   7311.49912902   7706.42557243   8074.08705917
   8414.70940064   8728.88294425   9018.87054077   9286.76997479
   9534.53600989   9763.99633095   9976.86536119  10174.75651733
  10359.19251444  10531.61501035  10693.39436357  10845.84025156
  10989.75332059  11125.69414002  11254.40073307  11375.6512357
  11489.47310278  11597.00461093  11699.32268575  11797.45468805
  11892.38641011  11985.06902023  12076.41738207  12167.321888
  12258.53603872  12350.22054104  12442.66877508  12536.75968454
  12633.36460136  12733.35808311  12837.62783886  12947.0857017
  13062.68100108  13185.4176691   13316.37700636  13456.75002166
  13607.88651491  13771.37797399  13949.23120796  14144.39166945
  14363.04320811]
NetHSource: [5.93647366e+22 6.50971110e+22 7.79680413e+22 9.06025091e+22
 1.02038968e+23 1.13488042e+23 1.24250287e+23 1.35466817e+23
 1.50821897e+23 1.67384396e+23 1.83967239e+23 2.00887901e+23
 2.17984675e+23 2.35174606e+23 2.52683721e+23 2.70230394e+23
 2.87918228e+23 3.05694036e+23 3.23736885e+23 3.42863505e+23
 3.62060357e+23 3.81804062e+23 4.05928206e+23 4.50485926e+23
 4.96211996e+23 5.42104158e+23 5.88289167e+23 6.34674060e+23
 6.81411267e+23 7.29380833e+23 7.58787260e+23 7.71822311e+23
 7.85043357e+23 7.98077002e+23 8.10425892e+23 7.81777200e+23
 7.39306217e+23 6.96696984e+23 6.53083770e+23 5.98718803e+23
 5.42804407e+23 4.84691244e+23 4.39466829e+23 4.00543111e+23
 3.60217566e+23 3.28106553e+23 3.05451256e+23 2.82664141e+23
 2.62931907e+23 2.51190043e+23 2.39471827e+23 2.29758297e+23
 2.24593148e+23 2.19781772e+23 2.17286209e+23 2.16486230e+23
 2.17034241e+23 2.18807515e+23 2.21089107e+23 2.24475807e+23
 2.28116890e+23 2.24932170e+23 2.25083652e+23 2.24591450e+23
 2.22917568e+23 2.20895128e+23 2.17821562e+23 2.14192244e+23
 2.10410641e+23 2.06554818e+23 2.02550722e+23 2.00074029e+23
 1.98030194e+23 1.98475978e+23 2.10810074e+23 2.20939679e+23
 2.38243769e+23 2.56213703e+23 2.66856967e+23 2.60704590e+23
 2.53356094e+23 2.62128026e+23 2.74168129e+23 2.78182800e+23
 2.67047102e+23 2.55321738e+23 2.37667130e+23 2.19046649e+23
 2.02469025e+23 1.87736585e+23 1.74744678e+23 1.63259484e+23
 1.53117204e+23 1.44133669e+23 1.36063726e+23 1.28939817e+23
 1.22584431e+23 1.16931583e+23 1.11885256e+23 1.07274129e+23
 1.03162901e+23 9.93824321e+22 9.59444780e+22 9.28031373e+22
 8.97601095e+22 8.70006236e+22 8.44890487e+22 8.21945467e+22
 8.00903960e+22 7.81533816e+22 7.63632768e+22 7.47023926e+22
 7.31551963e+22 7.17079887e+22 7.03486181e+22 6.90661986e+22
 6.77950696e+22 6.65600505e+22 6.53484694e+22 6.40463866e+22
 6.27957260e+22 6.15906776e+22 6.04258323e+22 5.92961685e+22
 5.81969901e+22 5.71238502e+22 5.60714312e+22 5.50361397e+22
 5.39978095e+22 5.28968279e+22 5.18058220e+22 5.07204717e+22
 4.96359523e+22 4.85467624e+22 4.74464382e+22 4.63271293e+22
 4.51789690e+22 4.39890699e+22 4.27398666e+22 4.14060331e+22
 3.99483563e+22 3.83002049e+22 3.63355440e+22 3.37899944e+22
 3.00686601e+22]
Sion: [1.00957457e+21 1.38382524e+21 1.93552778e+21 2.43165978e+21
 2.66231345e+21 2.89490487e+21 2.97629817e+21 2.98624409e+21
 3.05424040e+21 3.38679755e+21 3.72247492e+21 4.13075063e+21
 4.57592161e+21 5.03980571e+21 5.57161142e+21 6.10987208e+21
 6.67729308e+21 7.26242555e+21 7.91066792e+21 8.82568945e+21
 9.76150725e+21 1.10803089e+22 1.26609929e+22 1.45072662e+22
 1.72658392e+22 2.02842124e+22 2.36652014e+22 2.73661091e+22
 3.14718821e+22 3.65277306e+22 4.19157141e+22 4.78101785e+22
 5.40988200e+22 6.05537246e+22 6.67613700e+22 7.30929031e+22
 7.86390099e+22 8.37796759e+22 8.85789976e+22 9.18410362e+22
 9.49602567e+22 9.65432772e+22 9.73556331e+22 9.78373178e+22
 9.71889381e+22 9.65092268e+22 9.56542195e+22 9.47233166e+22
 9.38547280e+22 9.32420092e+22 9.26327937e+22 9.26174315e+22
 9.28610948e+22 9.33737578e+22 9.51656767e+22 9.69051436e+22
 9.97600888e+22 1.03096937e+23 1.06594181e+23 1.11092139e+23
 1.15501753e+23 1.18963438e+23 1.21102728e+23 1.22799300e+23
 1.23802998e+23 1.24472528e+23 1.24382907e+23 1.23819440e+23
 1.23045662e+23 1.22183606e+23 1.21084947e+23 1.21156805e+23
 1.21494286e+23 1.23410570e+23 1.33502660e+23 1.41927327e+23
 1.55129635e+23 1.68391614e+23 1.76560050e+23 1.74947839e+23
 1.71540691e+23 1.78174581e+23 1.85575004e+23 1.86314748e+23
 1.77110488e+23 1.66805871e+23 1.53042044e+23 1.38920451e+23
 1.26131560e+23 1.14507074e+23 1.04232734e+23 9.51524811e+22
 8.71487716e+22 8.00879075e+22 7.38049630e+22 6.82926613e+22
 6.34296150e+22 5.91470273e+22 5.53686524e+22 5.19943002e+22
 4.90185970e+22 4.63520867e+22 4.39745155e+22 4.18473412e+22
 3.98859577e+22 3.81352641e+22 3.65665986e+22 3.51553806e+22
 3.38805000e+22 3.27237899e+22 3.16695718e+22 3.07042817e+22
 2.98161491e+22 2.89949204e+22 2.82316207e+22 2.75183369e+22
 2.68321952e+22 2.61771306e+22 2.55465746e+22 2.49061667e+22
 2.42941935e+22 2.37068907e+22 2.31408358e+22 2.25929143e+22
 2.20602669e+22 2.15402331e+22 2.10300146e+22 2.05273442e+22
 2.00255628e+22 1.95077949e+22 1.89925960e+22 1.84775644e+22
 1.79600088e+22 1.74368390e+22 1.69043916e+22 1.63581753e+22
 1.57924889e+22 1.51998201e+22 1.45698335e+22 1.38875136e+22
 1.31294194e+22 1.22554293e+22 1.11892958e+22 9.77134834e+21
 7.64781475e+21]
QH_total: [ 137432.53514455  155492.36783446  184873.43022545  214574.43059533
  243067.86806702  271676.22696764  299347.29814423  328617.69283115
  368603.77145529  410595.14850997  452925.81256225  496201.40857197
  540232.77256838  584905.27825374  630810.95956831  677356.42918574
  724840.39613531  773159.02006921  822913.60847192  877075.89409137
  932602.06617689  990218.80467496 1063612.2621076  1211762.69457172
 1368320.56118728 1530945.356334   1699903.4612154  1874906.11024574
 2056707.94451815 2249095.19458514 2393068.34717897 2492516.81359541
 2594383.08790037 2697237.08629293 2799646.46117231 2748845.0674995
 2641968.73055886 2528250.46755111 2405957.91487326 2221472.73689519
 2031706.56157811 1831706.72670353 1676122.78994842 1542507.55163394
 1402242.89908073 1293232.95803848 1219222.36525649 1144144.35819828
 1081404.21315678 1051918.95818228 1022577.40238411 1005560.98594038
 1009002.13624352 1015346.93930523 1036646.66332182 1065931.05081011
 1105020.29192477 1152705.66081764 1204636.88294502 1264021.27814979
 1327751.79203415 1347744.09454922 1405581.04063148 1461092.36989813
 1504944.77280979 1548762.5590133  1582303.45790578 1610956.29111153
 1639261.73919169 1666336.52798389 1693300.47967364 1737779.60354943
 1790303.60493072 1888343.21249728 2200949.91322939 2525164.19292494
 3052711.86453637 3702042.20061327 4270727.30171169 4349878.43899432
 4428741.86655884 4995875.08871711 5795321.97150677 6479094.8193168
 6637833.00070174 6794279.67286654 6652145.99526496 6396837.38527738
 6174996.39729965 6003186.58561316 5846253.98498157 5701739.11307062
 5568532.61743626 5444690.26883928 5325658.85179989 5215058.29589237
 5108644.25550959 5007781.024004   4911616.02533787 4813554.82752334
 4721435.76022228 4627511.741466   4535671.61127668 4445623.21570553
 4345806.58722603 4251291.64544288 4161679.93328739 4076611.12887945
 3995758.48217816 3918824.62488641 3845540.82633075 3775661.68953966
 3708961.66100864 3645234.29996052 3584290.65111416 3525956.59684388
 3465932.64125121 3406488.67143169 3347103.08564847 3279688.5176304
 3214951.70732232 3152740.79264745 3092914.54931297 3035341.66084827
 2979899.92572876 2926475.41020753 2874884.81055254 2825073.27713845
 2775763.86135935 2722727.07657877 2671499.15788413 2621989.65979458
 2574113.71594969 2527791.11680057 2482945.80346206 2439504.74865194
 2397398.40033635 2356559.06175327 2316920.5888461  2278416.18403695
 2240976.42335384 2204523.36866078 2168958.36284254 2134132.98225097
 2099797.23511329]
SideWallH: [0. 0. 0. 0. 0. 0. 0. 0. 0. 0. 0. 0. 0. 0. 0. 0. 0. 0. 0. 0. 0. 0. 0. 0.
 0. 0. 0. 0. 0. 0. 0. 0. 0. 0. 0. 0. 0. 0. 0. 0. 0. 0. 0. 0. 0. 0. 0. 0.
 0. 0. 0. 0. 0. 0. 0. 0. 0. 0. 0. 0. 0. 0. 0. 0. 0. 0. 0. 0. 0. 0. 0. 0.
 0. 0. 0. 0. 0. 0. 0. 0. 0. 0. 0. 0. 0. 0. 0. 0. 0. 0. 0. 0. 0. 0. 0. 0.
 0. 0. 0. 0. 0. 0. 0. 0. 0. 0. 0. 0. 0. 0. 0. 0. 0. 0. 0. 0. 0. 0. 0. 0.
 0. 0. 0. 0. 0. 0. 0. 0. 0. 0. 0. 0. 0. 0. 0. 0. 0. 0. 0. 0. 0. 0. 0. 0.
 0.]
Lyman: [164308.93732343 170478.33348717 156317.23736248 138656.11395789
 131083.90466735 123901.22124002 121983.21862016 122390.85004113
 120937.23181279 111660.58582951 103352.39452653  94397.72467738
  85997.7604362   78547.79851152  71275.25013456  65116.53716592
  59639.21413354  54874.39394655  50490.70414968  45644.45092926
  41692.11189442  39382.2140194   37907.3396373   36935.52582891
  37168.44565237  37435.27508831  37846.26526586  38376.57673362
  39007.38758331  39813.45509054  40763.32005362  41776.20704283
  42896.1882465   44092.7528026   45152.55703297  46270.5244762
  47147.65714122  47896.87612964  48559.53547752  48804.92125143
  48993.06606405  48590.64263707  47903.93387998  47141.71075004
  46113.85405141  45096.01299703  44192.44385605  43349.23474181
  42488.36191677  41495.96850825  40531.32004104  39392.68066079
  38205.08933012  37089.4506977   36137.75113491  35230.84461767
  34584.61971515  34076.70822543  33676.91939857  33654.0876559
  33641.49630875  33601.52423118  33329.67482521  33062.23161791
  32992.35316338  32841.08396135  32738.58121934  32614.79849183
  32438.65854831  32294.04312177  32070.64169018  31938.76651935
  31778.50771011  31263.18452612  29776.68571369  28449.60596804
  26910.0426118   25572.00781993  24818.71951269  25492.66185414
  25660.77859123  25326.48653717  24371.212604    22802.04955702
  20997.3296198   18869.7798599   16807.17771269  14876.28033513
  13086.48524216  11484.70179836  10077.59071283   8854.08471884
   7796.90415153   6888.73860152   6116.13429266   5454.44906697
   4888.79353445   4403.58750254   3986.48914595   3629.30330443
   3319.87551195   3053.05135649   2821.18170754   2618.97660473
   2444.95524054   2291.36595407   2155.22492146   2034.02940924
   1925.67482414   1828.38595416   1740.66117705   1661.22539619
   1588.99167215   1523.03006147   1462.54137907   1406.8347624
   1356.01078499   1309.12123592   1265.76623212   1226.79537083
   1190.16527645   1155.6011645    1122.85644163   1091.70928533
   1061.95862384   1033.42018205   1005.93324365    979.32939001
    953.60761172    929.1481352     905.08084701    881.2630811
    857.54016502    833.73969041    809.66281008    785.07163435
    759.6704442     733.07628293    704.7696001     674.00400068
    639.62464316    599.6685749     550.42299703    484.13028062
    383.59738466]
Balmer: [914.11459169 964.45284084 925.70436224 857.48453033 826.10604571
 795.16274816 787.28011337 789.91094533 784.04007078 741.3793904
 701.70060615 657.18494592 613.78401368 573.89148519 533.50393779
 498.15237499 465.71217148 436.65847926 409.22096802 378.09251685
 351.87780476 337.70082738 329.18610825 323.81989985 327.23666072
 329.54960026 331.71527188 333.7020912  335.50089924 337.31679812
 339.58233693 341.77416087 344.41886049 347.56049682 350.15779997
 353.17322536 355.2495052  356.83010477 358.11767426 357.54376338
 356.63295377 352.73799518 347.37899692 341.63987895 334.63841472
 327.68813786 321.4410442  315.57056876 309.597909   302.81721449
 296.21572016 288.48332922 280.42566425 272.75459018 265.83738696
 259.2460938  254.08634423 249.77249321 246.18070921 244.84661311
 243.7136373  242.11504878 238.86240804 235.77618152 233.97324269
 231.812246   230.02043556 228.18144964 226.12348382 224.3501831
 222.18703173 220.86559836 219.57375594 216.62781129 209.60666557
 203.29247772 196.52023567 190.85270529 188.14688468 194.01427808
 196.28956608 196.75721218 192.65493416 182.90965447 170.17466923
 154.61319808 138.95338415 123.97326828 109.90998703  97.15059034
  85.84268959  75.92482592  67.28504023  59.80359647  53.38436917
  47.84941753  43.08552842  38.97479246  35.4213927   32.35855866
  29.69342502  27.38128596  25.36214043  23.59273238  22.05604671
  20.69488406  19.48412204  18.40260117  17.43246189  16.55858938
  15.76816112  15.05025979  14.39555623  13.79605189  13.24486037
  12.73601918  12.26862795  11.83556195  11.43320959  11.06559511
  10.71959651  10.39279133  10.08300646   9.78828847   9.50686902
   9.23713092   8.97763587   8.72693541   8.48454391   8.25210484
   8.02435745   7.80008395   7.57797824   7.35659967   7.13430334
   6.90913896   6.67870166   6.43989711   6.18854827   5.91867569
   5.62104856   5.27999465   4.86588705   4.31685435   3.49590245]
tiempo_ejecución: 99.3719630241394
