xH2: [0.13734576 0.14266051 0.14798163 0.15059811 0.15250379 0.15419466
 0.15583867 0.15743909 0.15891695 0.16021918 0.16135274]
nH2: [7.23968323e+18 6.78953194e+18 5.21511056e+18 3.58308354e+18
 2.09626502e+18 1.07072981e+18 5.21278316e+17 2.54855526e+17
 1.28451523e+17 6.64308620e+16 3.47200891e+16]
GammaxH2: [1.51279659e+22 1.42323949e+22 1.14951414e+22 9.64834612e+21
 6.69888495e+21 3.44262188e+21 1.70164350e+21 8.52337775e+20
 4.47042964e+20 2.46573036e+20 1.42815390e+20]
TH2: [0.         0.         0.         0.         0.         0.
 0.         0.         0.         0.         2.27074861]
qxH2_total: [836.78893803 787.93137411 626.00816113 460.71273286 272.94498989
 160.91220774  99.88548915  69.77324575  55.55659021  49.40268964
 137.97899042]
nHP: [4.47132813e+17 5.38662704e+17 6.72295025e+17 7.03601955e+17
 4.95912861e+17 2.67183384e+17 1.30390686e+17 6.37687648e+16
 3.26194687e+16 1.76191612e+16 9.77392772e+15]
THP: [ 9.25226988  9.27304369 11.65404953 15.18716083 17.24950335 18.01718144
 18.05338288 18.0581296  18.28326536 18.97614862 20.00905403]
SH: [1.10137644e+22 6.73528495e+22 2.25408570e+23 3.12115006e+23
 2.50111051e+23 1.42724086e+23 7.14349791e+22 3.58739141e+22
 1.95288734e+22 1.13666744e+22 6.73798993e+21]
SP: [4.51135447e+22 2.74468539e+23 1.10142374e+24 1.87153247e+24
 1.65051976e+24 9.73072802e+23 4.87764404e+23 2.44998379e+23
 1.34610040e+23 8.05483029e+22 4.96591039e+22]
xH: [0.13734576 0.1376182  0.1380182  0.1384182  0.1388182  0.1392182
 0.1396182  0.1400182  0.1404182  0.1408182  0.1412182  0.1416182
 0.1420182  0.1424182  0.1428182  0.1432182  0.1436182  0.1440182
 0.1444182  0.1448182  0.1452182  0.1456182  0.1460182  0.1464182
 0.1468182  0.1472182  0.1476182  0.1480182  0.1484182  0.1488182
 0.1492182  0.1496182  0.1500182  0.1504182  0.1508182  0.1512182
 0.1516182  0.1520182  0.1524182  0.1528182  0.1532182  0.1536182
 0.1540182  0.1544182  0.1548182  0.1552182  0.1556182  0.1560182
 0.1564182  0.1568182  0.1572182  0.1576182  0.1580182  0.1584182
 0.1588182  0.1592182  0.1596182  0.1600182  0.1604182  0.1608182
 0.1612182  0.1616182  0.1620182  0.1624182  0.1628182  0.1632182
 0.1636182  0.1640182  0.1644182  0.1648182  0.1652182  0.1656182
 0.1660182  0.1664182  0.1668182  0.1672182  0.1676182  0.1680182
 0.1684182  0.1688182  0.1692182  0.1696182  0.1700182  0.1704182
 0.1708182  0.1712182  0.1716182  0.1720182  0.1724182  0.1728182
 0.1732182  0.1736182  0.1740182  0.1744182  0.1748182  0.1752182
 0.1756182  0.1760182  0.1764182  0.1768182  0.1772182  0.1776182
 0.1780182  0.1784182  0.1788182  0.1792182  0.1796182  0.1800182
 0.1804182  0.1808182  0.1812182  0.1816182  0.1820182  0.1824182
 0.1828182  0.1832182  0.1836182  0.1840182  0.1844182  0.1848182
 0.1852182  0.1856182  0.1860182  0.1864182  0.1868182  0.1872182
 0.1876182  0.1880182  0.1884182  0.1888182  0.1892182  0.1896182
 0.1900182  0.1904182  0.1908182  0.1912182  0.1916182  0.1920182
 0.1924182  0.1928182  0.1932182  0.1936182  0.1940182  0.1944182
 0.1948182 ]
nH: [2.45479020e+17 2.45784053e+17 2.46294179e+17 2.46938139e+17
 2.47670868e+17 2.48455216e+17 2.49269822e+17 2.50084259e+17
 2.50895520e+17 2.51742489e+17 2.52655809e+17 2.53640786e+17
 2.54706086e+17 2.55853056e+17 2.57085191e+17 2.58402244e+17
 2.59797475e+17 2.61264061e+17 2.62796473e+17 2.64408440e+17
 2.66105663e+17 2.67881884e+17 2.69734833e+17 2.71651951e+17
 2.73634133e+17 2.75672382e+17 2.77732376e+17 2.79777243e+17
 2.81780581e+17 2.83725599e+17 2.85575341e+17 2.87277626e+17
 2.88777552e+17 2.90013224e+17 2.90912552e+17 2.91414272e+17
 2.91501293e+17 2.91193639e+17 2.90534478e+17 2.89494916e+17
 2.88011181e+17 2.86111308e+17 2.83869675e+17 2.81356337e+17
 2.78640044e+17 2.75779508e+17 2.72819988e+17 2.69805577e+17
 2.66767097e+17 2.63721966e+17 2.60687863e+17 2.57675435e+17
 2.54685497e+17 2.51722377e+17 2.48778091e+17 2.45846100e+17
 2.42921483e+17 2.40000564e+17 2.37093213e+17 2.34198730e+17
 2.31335032e+17 2.25703032e+17 2.17278010e+17 2.08874297e+17
 2.00534614e+17 1.92295515e+17 1.84191375e+17 1.76258940e+17
 1.68515914e+17 1.60968420e+17 1.53622248e+17 1.46450106e+17
 1.39413772e+17 1.32464490e+17 1.25352872e+17 1.17931931e+17
 1.10162856e+17 1.01974661e+17 9.35472677e+16 8.52835532e+16
 7.74676598e+16 6.99222959e+16 6.24435190e+16 5.51844834e+16
 4.84708357e+16 4.24746026e+16 3.72160453e+16 3.26934817e+16
 2.88271729e+16 2.55232806e+16 2.26983278e+16 2.02779087e+16
 1.81997743e+16 1.64116708e+16 1.48703197e+16 1.35388630e+16
 1.23855773e+16 1.13838817e+16 1.05112668e+16 9.74899523e+15
 9.08112857e+15 8.49407056e+15 7.97640573e+15 7.51831021e+15
 7.11169860e+15 6.74963500e+15 6.42590212e+15 6.13522145e+15
 5.87310046e+15 5.63570433e+15 5.41974942e+15 5.22241481e+15
 5.04126862e+15 4.87420629e+15 4.71939815e+15 4.57524320e+15
 4.44037921e+15 4.31363775e+15 4.19397581e+15 4.08056431e+15
 3.97269291e+15 3.86965765e+15 3.77082151e+15 3.67560741e+15
 3.58348838e+15 3.49397733e+15 3.40661746e+15 3.32097082e+15
 3.23661677e+15 3.15319149e+15 3.07033849e+15 2.98764406e+15
 2.90464974e+15 2.82083388e+15 2.73558317e+15 2.64815083e+15
 2.55759417e+15 2.46267639e+15 2.36170146e+15 2.25221120e+15
 2.13037477e+15 1.98964357e+15 1.81758334e+15 1.58816904e+15
 1.24375512e+15]
GammaxH: [-2.98139280e+21 -2.97490908e+21 -2.96270957e+21 -2.94730931e+21
 -2.92864879e+21 -2.90667969e+21 -2.88137501e+21 -2.85269471e+21
 -2.82063640e+21 -2.78525776e+21 -2.74660634e+21 -2.70469495e+21
 -2.65954219e+21 -2.61115693e+21 -2.55834828e+21 -2.49807120e+21
 -2.42847755e+21 -2.34957315e+21 -2.26137132e+21 -2.16392772e+21
 -2.05729046e+21 -1.94153301e+21 -1.81677246e+21 -1.68310341e+21
 -1.54074165e+21 -1.38990374e+21 -1.23070606e+21 -1.06322702e+21
 -8.87054927e+20 -7.01944668e+20 -5.08142503e+20 -3.05818586e+20
 -9.51570797e+19  1.23716174e+20  3.45012097e+20  5.58224035e+20
  7.58725822e+20  9.46717634e+20  1.12232103e+21  1.28197774e+21
  1.42103542e+21  1.53874914e+21  1.63556391e+21  1.71349984e+21
  1.77606942e+21  1.82492916e+21  1.86012945e+21  1.88324494e+21
  1.89767031e+21  1.90522151e+21  1.90585921e+21  1.90027883e+21
  1.89011335e+21  1.87625185e+21  1.85839767e+21  1.83689059e+21
  1.81228511e+21  1.78445076e+21  1.75342156e+21  1.71929623e+21
  1.68204404e+21  1.63964914e+21  1.59334172e+21  1.54646291e+21
  1.49923273e+21  1.45185087e+21  1.40453169e+21  1.35751014e+21
  1.31092062e+21  1.26482212e+21  1.21927894e+21  1.17412269e+21
  1.12909393e+21  1.08389276e+21  1.03690205e+21  9.87130752e+20
  9.34280225e+20  8.77866365e+20  8.19005335e+20  7.59893488e+20
  7.02155295e+20  6.44834456e+20  5.86808811e+20  5.29451860e+20
  4.75161118e+20  4.25363549e+20  3.80507742e+20  3.40728026e+20
  3.05693908e+20  2.75019018e+20  2.48289263e+20  2.25029684e+20
  2.04817080e+20  1.87275440e+20  1.72079911e+20  1.58939042e+20
  1.47586145e+20  1.37788352e+20  1.29342603e+20  1.22069991e+20
  1.15814462e+20  1.10438954e+20  1.05822520e+20  1.01861309e+20
  9.84582904e+19  9.55296170e+19  9.30102458e+19  9.08447277e+19
  8.89858115e+19  8.73932597e+19  8.60328511e+19  8.48755389e+19
  8.38967328e+19  8.30756935e+19  8.23950257e+19  8.18402549e+19
  8.13963926e+19  8.10492467e+19  8.07878621e+19  8.05965207e+19
  8.04627352e+19  8.03831325e+19  8.03554019e+19  8.03781908e+19
  8.04510163e+19  8.05741968e+19  8.07487430e+19  8.09763663e+19
  8.12585915e+19  8.15933535e+19  8.19802665e+19  8.24239980e+19
  8.29300096e+19  8.35047102e+19  8.41556656e+19  8.48918921e+19
  8.57242779e+19  8.66662009e+19  8.77344690e+19  8.89508351e+19
  9.03446351e+19  9.19578319e+19  9.38556137e+19  9.61503717e+19
  9.90573293e+19]
TH: [  9.93342442   9.9365101    9.94262631   9.95057274   9.96037625
   9.97204027   9.98552365  10.000814    10.017818    10.03629453
  10.05600365  10.07677574  10.09841845  10.12075964  10.14425701
  10.17024496  10.19923173  10.2306533   10.2638939   10.29817807
  10.33272824  10.36674058  10.39932893  10.42970257  10.45688214
  10.47999381  10.49848559  10.51183221  10.51908899  10.51888159
  10.51003469  10.49138959  10.46157261  10.41901818  10.36276813
  10.29340593  10.2118115   10.11804858  10.01147106   9.89537613
   9.77538993   9.65428722   9.53412973   9.41631821   9.30159492
   9.19086568   9.08516645   8.98503203   8.89004319   8.79986841
   8.71475866   8.63463285   8.55891113   8.48727606   8.41958391
   8.35568721   8.29544504   8.23861996   8.18517543   8.13515677
   8.08819183   8.12767553   8.26283562   8.41471117   8.58408817
   8.77178738   8.97855922   9.20496729   9.45199293   9.72103531
  10.01364461  10.33311675  10.68420746  11.07367679  11.52354059
  12.05726101  12.69867248  13.48310499  14.43073007  15.53443301
  16.78871494  18.26058037  20.05829061  22.23866645  24.78623088
  27.67715469  30.90249415  34.42464567  38.2320325   42.31906408
  46.67069749  51.26927765  56.09114175  61.10684268  66.27916548
  71.56679689  76.92803125  82.31924382  87.6971575   93.01801145
  98.24103238 103.32971923 108.25096539 112.97755854 117.48514973
 121.75655817 125.78351322 129.561254   133.08850917 136.36712876
 139.40162177 142.19867956 144.76671856 147.11545369 149.25548578
 151.19777214 152.95318279 154.53292428 155.94816677 157.20976971
 158.32972336 159.32013588 160.19185163 160.95501614 161.61924246
 162.19371568 162.68730408 163.10860441 163.46596124 163.76860092
 164.02734208 164.25400629 164.46203057 164.66793753 164.89307282
 165.16619779 165.5276261  166.03620355 166.78194884 167.91106756
 169.68068619 172.5913776  177.73902188 187.82502336 210.07504721]
qxH_total: [-34400.08165176 -34387.56229233 -34362.86711297 -34332.28975443
 -34294.68139431 -34249.17226689 -34195.31231651 -34132.46998902
 -34060.60503934 -33980.57426907 -33893.04115866 -33798.09676862
 -33695.88530717 -33586.391245   -33466.06394254 -33325.6437574
 -33159.06322561 -32965.67114871 -32744.85950105 -32496.19156472
 -32219.0697805  -31912.94977271 -31577.47924826 -31212.15337817
 -30816.97448804 -30391.93540253 -29936.58153518 -29449.92717412
 -28924.7994672  -28354.16389424 -27736.54315378 -27070.24299356
 -26353.4956502  -25584.43494207 -24782.91187862 -23987.84530654
 -23217.46967007 -22472.14006437 -21752.30306935 -21076.11858792
 -20466.65611793 -19929.03633306 -19463.13098358 -19062.6512782
 -18716.17942061 -18418.4242725  -18169.52381379 -17963.75387678
 -17787.73898039 -17633.66797482 -17501.20618828 -17386.42891471
 -17281.03556633 -17180.49562308 -17083.89821526 -16987.90654182
 -16888.59527097 -16784.25636648 -16673.54591968 -16554.58150617
 -16426.25850902 -16298.77576295 -16170.31060135 -16028.89243351
 -15876.31518523 -15714.11870406 -15543.56180366 -15366.55517842
 -15183.86061487 -14996.00197512 -14803.43966359 -14604.89478404
 -14398.41461967 -14178.08903641 -13912.85306222 -13574.44693567
 -13133.2977193  -12544.05760754 -11799.35387568 -10986.48825695
 -10181.1952576   -9317.48361112  -8297.72705952  -7105.19038086
  -5833.08975007  -4557.46073401  -3319.44837364  -2176.17620771
  -1134.39084383   -175.19994654    715.90948635   1545.03281927
   2317.56920835   3038.32361114   3711.45934193   4340.74689173
   4929.34709763   5479.97533851   5995.33864604   6477.19473919
   6927.38737621   7347.68898898   7739.3542613    8104.03824118
   8441.9457217    8753.6466395    9041.38259844   9307.23197105
   9553.13178585   9780.89352615   9992.2168161   10188.70155641
  10371.85811954  10543.11689395  10703.83795038  10855.32157625
  10998.3600868   11133.50650264  11261.49177659  11382.0879398
  11495.31666707  11602.31043378  11704.14092236  11801.83075371
  11896.36143427  11988.68025621  12079.69857896  12170.3036248
  12261.24605052  12352.68409438  12444.90884917  12538.79705941
  12635.21807253  12735.04465473  12839.16289752  12948.48317291
  13063.95349021  13186.57658927  13317.43269205  13457.71183141
  13608.76292601  13772.17666743  13949.95914506  14145.05515775
  14363.64794118]
NetHSource: [5.05741843e+22 5.56800874e+22 6.65216291e+22 7.71391429e+22
 8.66226995e+22 9.61189021e+22 1.04965629e+23 1.13503669e+23
 1.22291020e+23 1.32221933e+23 1.42172683e+23 1.52444126e+23
 1.62883887e+23 1.73413947e+23 1.90250006e+23 2.16347362e+23
 2.42587298e+23 2.68912269e+23 2.95490914e+23 3.23097623e+23
 3.50772025e+23 3.78965082e+23 4.07479116e+23 4.36320263e+23
 4.66282400e+23 4.96421701e+23 5.26867391e+23 5.57787236e+23
 5.91563893e+23 6.26594273e+23 6.61792453e+23 6.97504999e+23
 7.33497247e+23 7.69423059e+23 7.76059110e+23 7.59079796e+23
 7.40873156e+23 7.21952395e+23 7.02413343e+23 6.61275011e+23
 6.14886767e+23 5.67582727e+23 5.18325710e+23 4.77360140e+23
 4.41625439e+23 4.05800381e+23 3.69616046e+23 3.40824517e+23
 3.21422113e+23 3.02505957e+23 2.83579320e+23 2.69691090e+23
 2.61180749e+23 2.53044057e+23 2.46688793e+23 2.43128776e+23
 2.41932397e+23 2.41329509e+23 2.41748294e+23 2.44117341e+23
 2.46383631e+23 2.34734225e+23 2.34622297e+23 2.33831951e+23
 2.31809403e+23 2.29423833e+23 2.25951030e+23 2.21909402e+23
 2.17719384e+23 2.13463558e+23 2.09066182e+23 2.06254085e+23
 2.03894215e+23 2.04094947e+23 2.16475242e+23 2.26546167e+23
 2.43902044e+23 2.61859277e+23 2.72284913e+23 2.65623862e+23
 2.57793079e+23 2.66364666e+23 2.78247014e+23 2.82015179e+23
 2.70517314e+23 2.58500380e+23 2.40562389e+23 2.21702710e+23
 2.04939171e+23 1.90053820e+23 1.76933774e+23 1.65335637e+23
 1.55089776e+23 1.46007852e+23 1.37840970e+23 1.30622611e+23
 1.24174066e+23 1.18429673e+23 1.13293393e+23 1.08593392e+23
 1.04396067e+23 1.00531679e+23 9.70129312e+22 9.37942081e+22
 9.06762896e+22 8.78463183e+22 8.52686135e+22 8.29122478e+22
 8.07503776e+22 7.87596404e+22 7.69196419e+22 7.52125118e+22
 7.36225279e+22 7.21357966e+22 7.07399709e+22 6.94239717e+22
 6.81217641e+22 6.68581425e+22 6.56202601e+22 6.42937409e+22
 6.30208109e+22 6.17954770e+22 6.06121599e+22 5.94656817e+22
 5.83512019e+22 5.72641410e+22 5.61990579e+22 5.51522492e+22
 5.41034250e+22 5.29928168e+22 5.18930808e+22 5.07998123e+22
 4.97081099e+22 4.86124012e+22 4.75061575e+22 4.63814673e+22
 4.52284057e+22 4.40340275e+22 4.27807077e+22 4.14430509e+22
 3.99817542e+22 3.83300536e+22 3.63616899e+22 3.38118823e+22
 3.00850741e+22]
Sion: [9.48811998e+20 1.30035373e+21 1.81852862e+21 2.28437038e+21
 2.50075023e+21 2.71893516e+21 2.79512559e+21 2.80425808e+21
 2.86793611e+21 3.18004981e+21 3.49511638e+21 3.87840834e+21
 4.29645952e+21 4.73227924e+21 5.23217599e+21 5.73853184e+21
 6.27275729e+21 6.82418551e+21 7.43557011e+21 8.29857764e+21
 9.18221742e+21 1.04274512e+22 1.19208892e+22 1.36666974e+22
 1.62755983e+22 1.91348986e+22 2.23438452e+22 2.58654598e+22
 2.97862009e+22 3.46327570e+22 3.98314184e+22 4.55566586e+22
 5.17103953e+22 5.80822700e+22 6.42758867e+22 7.06491071e+22
 7.63252136e+22 8.16608032e+22 8.67089531e+22 9.02964979e+22
 9.37762983e+22 9.57454590e+22 9.69380554e+22 9.77830497e+22
 9.74731436e+22 9.71000876e+22 9.65207564e+22 9.58386248e+22
 9.51956431e+22 9.47921459e+22 9.43768648e+22 9.45556585e+22
 9.49946638e+22 9.57093690e+22 9.77423717e+22 9.97386199e+22
 1.02906727e+23 1.06608552e+23 1.10526647e+23 1.15539581e+23
 1.20537448e+23 1.24313358e+23 1.26407473e+23 1.28029645e+23
 1.28921651e+23 1.29459961e+23 1.29205313e+23 1.28457793e+23
 1.27493173e+23 1.26439196e+23 1.25143546e+23 1.25059521e+23
 1.25249272e+23 1.27063169e+23 1.37272891e+23 1.45732398e+23
 1.59054881e+23 1.72384683e+23 1.80459809e+23 1.78538207e+23
 1.74816657e+23 1.81347620e+23 1.88665420e+23 1.89239860e+23
 1.79772791e+23 1.69255601e+23 1.55283539e+23 1.40986232e+23
 1.28061122e+23 1.16324038e+23 1.05954757e+23 9.67896403e+22
 8.87066701e+22 8.15690858e+22 7.52093466e+22 6.96212144e+22
 6.46826217e+22 6.03252227e+22 5.64730720e+22 5.30257052e+22
 4.99792199e+22 4.72437985e+22 4.48000124e+22 4.26095976e+22
 4.05872713e+22 3.87794328e+22 3.71573770e+22 3.56964394e+22
 3.43753944e+22 3.31759345e+22 3.20822232e+22 3.10805266e+22
 3.01588977e+22 2.93069038e+22 2.85153914e+22 2.77762719e+22
 2.70663676e+22 2.63895659e+22 2.57391437e+22 2.50804025e+22
 2.44518198e+22 2.38494761e+22 2.32698059e+22 2.27095638e+22
 2.21657705e+22 2.16356562e+22 2.11163214e+22 2.06054090e+22
 2.00961628e+22 1.95715905e+22 1.90502565e+22 1.85296925e+22
 1.80071472e+22 1.74794752e+22 1.69429632e+22 1.63930733e+22
 1.58240609e+22 1.52283713e+22 1.45956257e+22 1.39107609e+22
 1.31502760e+22 1.22739628e+22 1.12054322e+22 9.78476365e+21
 7.65777927e+21]
QH_total: [ 121854.66865789  137460.28609788  162686.67768836  188236.44047258
  212561.65653645  237003.52418916  260492.56156981  283502.2392301
  306910.04591452  332241.53343185  357799.46118186  384195.10922254
  411235.46952333  438804.38755448  485245.71576635  560392.62333329
  637725.15743703  717014.33962093  798830.66498166  886123.66494151
  975843.25605302 1068706.68866906 1164400.42304087 1262982.4766846
 1366150.45851374 1471605.5048078  1579679.65780129 1693016.5206015
 1840295.75405954 1997273.35648496 2159383.54286974 2328546.21348901
 2503711.6207062  2683483.24615229 2756931.78238863 2739836.84111525
 2715626.69645222 2686447.94338291 2652540.58416585 2517969.70912584
 2356933.94497522 2188490.29109779 2013236.07668519 1865867.52794344
 1736448.36223072 1607051.92324217 1475227.87513397 1372303.65602465
 1307241.57984521 1246391.61967049 1185667.5180106  1149627.16220331
 1137642.26520543 1128486.61039419 1131581.96690534 1147416.82773844
 1176795.48795551 1211050.20028841 1251039.32791221 1300960.76055224
 1351440.83467229 1349470.06433383 1407287.40753236 1462775.95844421
 1506600.74052809 1550387.41766043 1583891.95174731 1612504.39979185
 1640766.76260314 1667796.36566118 1694713.14659474 1739148.31589961
 1791628.47382432 1889630.12117081 2202229.74145838 2526425.64661108
 3053968.16301615 3703286.5587729  4271934.45550824 4351009.48001217
 4429798.96348466 4996898.26395923 5796320.97195114 6480060.42743214
 6638748.40463809 6795156.94969867 6652984.30678871 6397641.24087025
 6175772.4823371  6003937.9344995  5846982.51163432 5702445.20451053
 5569215.85591502 5445349.68812221 5326292.87427925 5215666.0042533
 5109224.6717663  5008334.47818379 4912140.99978973 4814050.81042271
 4721902.9020461  4627950.09521448 4536081.62852691 4446005.52421864
 4346161.57276032 4251620.42022556 4161983.66421325 4076891.01850094
 3996015.75234281 3919060.50284826 3845756.53302413 3775858.42992237
 3709140.61617341 3645396.62072846 3584437.45295676 3526088.95599194
 3466051.53178182 3406595.07909673 3347197.95268247 3279772.66148144
 3215026.04611229 3152806.18319984 3092971.78950137 3035391.49209811
 2979943.03566313 2926512.43540103 2874916.33902506 2825099.85194908
 2775785.9796404  2722745.18863792 2671513.69881587 2622001.02734825
 2574122.27370217 2527797.19716161 2482949.71054048 2439506.76098337
 2397398.77345506 2356558.0189754  2316918.35963422 2278412.96775563
 2240972.40353052 2204518.71327207 2168953.22571016 2134127.51470898
 2099791.65340194]
SideWallH: [0. 0. 0. 0. 0. 0. 0. 0. 0. 0. 0. 0. 0. 0. 0. 0. 0. 0. 0. 0. 0. 0. 0. 0.
 0. 0. 0. 0. 0. 0. 0. 0. 0. 0. 0. 0. 0. 0. 0. 0. 0. 0. 0. 0. 0. 0. 0. 0.
 0. 0. 0. 0. 0. 0. 0. 0. 0. 0. 0. 0. 0. 0. 0. 0. 0. 0. 0. 0. 0. 0. 0. 0.
 0. 0. 0. 0. 0. 0. 0. 0. 0. 0. 0. 0. 0. 0. 0. 0. 0. 0. 0. 0. 0. 0. 0. 0.
 0. 0. 0. 0. 0. 0. 0. 0. 0. 0. 0. 0. 0. 0. 0. 0. 0. 0. 0. 0. 0. 0. 0. 0.
 0. 0. 0. 0. 0. 0. 0. 0. 0. 0. 0. 0. 0. 0. 0. 0. 0. 0. 0. 0. 0. 0. 0. 0.
 0.]
Lyman: [154419.78956759 160195.18560657 146868.14803317 130257.50782728
 123129.052971   116369.7740024  114557.89656542 114932.18995847
 113560.24838482 104844.26095117  97039.93645955  88631.11541719
  80745.71213858  73754.89096289  66933.0466957   61159.00240831
  56026.1134248   51563.16332392  47458.43542279  42918.46403684
  39218.05939596  37061.951281    35691.63087832  34795.63874769
  35036.96164375  35314.41644759  35733.36561105  36272.43618228
  36918.38829305  37748.33627433  38736.64960574  39807.42558804
  41002.68325872  42293.46819443  43471.87425416  44723.81380935
  45760.71159068  46685.76800417  47534.58548576  47984.32412653
  48382.36166408  48189.19110363  47698.51412436  47115.56889171
  46248.6677294   45372.03082075  44592.67414865  43859.49879685
  43095.21957455  42185.62184773  41294.19153924  40216.78242817
  39082.57129724  38016.83584439  37115.81192907  36260.53200611
  35674.97885162  35236.82562608  34918.66825322  35000.6404805
  35107.35977014  35111.70813082  34788.71488125  34469.51329058
  34355.50884834  34156.07023776  34006.98714101  33835.70096371
  33610.3149623   33418.00660178  33144.80885592  32966.8040208
  32759.91522113  32187.72336284  30616.76331707  29211.43001148
  27589.9187271   26177.2408568   25365.6807136   26014.71512622
  26149.79881588  25776.46226933  24775.96148907  23158.89981211
  21311.87156725  19145.84065058  17052.32429173  15096.52133026
  13285.73218958  11665.99190968  10243.13423307   9005.47244548
   7935.32682708   7015.18192928   6231.55573076   5559.60670204
   4984.42751863   4490.38226214   4065.10467402   3700.42380369
   3384.09370512   3110.97978429   2873.37493849   2665.95638464
   2487.2637902    2329.43400713   2189.45157102   2064.78262362
   1953.29239508   1853.17677766   1762.90678132   1681.18161355
   1606.89039209   1539.08101434   1476.93390148   1419.73951139
   1367.58803726   1319.51100823   1275.09453709   1235.18462219
   1197.71243561   1162.39305806   1128.97080927   1097.215727
   1066.91945342   1037.89119466   1009.96445189    982.96555887
    956.88944989    932.11402068    907.76261394    883.68922962
    859.73620462    835.72843737    811.4646395     786.70468421
    761.15076358    734.41790713    705.98451619    675.10192638
    640.61245434    600.54903098    551.19205511    484.77183418
    384.07562804]
Balmer: [859.09745304 906.27772355 869.74740852 805.54569862 775.97397455
 746.82845656 739.35747147 741.77314154 736.21527302 696.1223829
 658.84344493 617.03931993 576.29998658 538.87433311 501.00337628
 467.87818567 437.49999509 410.31183488 384.64735827 355.51507645
 331.0006499  317.80888631 309.94977482 305.06457549 308.47679638
 310.8859521  313.20337064 315.41344471 317.54187045 319.82914239
 322.70833147 325.67708391 329.22550583 333.38746893 337.13369549
 341.37667792 344.80762858 347.81507902 350.56556321 351.53760808
 352.19170609 349.82657601 345.8909026  341.45062759 335.615656
 329.69153318 324.34878536 319.28069648 314.01441367 307.84352445
 301.78362526 294.5100207  286.85686346 279.56385469 273.02015483
 266.80948135 262.08167497 258.2584732  255.2383102  254.62095371
 254.30754843 252.96938088 249.2913542  245.78432379 243.61303994
 241.06716197 238.90570201 236.69732163 234.26567704 232.13401915
 229.60520413 227.95163516 226.33219583 223.01155186 215.49558292
 208.70988633 201.45583559 195.33706072 192.25898018 197.95586916
 200.00120238 200.22341458 195.82346002 185.74049507 172.6937746
 156.84587966 140.95233542 125.78224214 111.55778531  98.6588222
  87.22761928  77.19784423  68.45448371  60.87628558  54.36699813
  48.74739077  43.90426048  39.71943333  36.09703547  32.97058259
  30.24660752  27.88060739  25.81218595  23.99786038  22.42077844
  21.02289992  19.77884854  18.66720996  17.66987375  16.771482
  15.95897983  15.22123016  14.54869784  13.93319281  13.36765175
  12.84594964  12.36708769  11.92377033  11.51226336  11.13654806
  10.78329753  10.4499997   10.13440108   9.83447631   9.54839273
   9.27447559   9.01123555   8.75717798   8.51178073   8.27666418
   8.04651431   7.82008403   7.59604103   7.37292111   7.14905805
   6.92248215   6.69077046   6.45081134   6.19841034   5.92756895
   5.62903282   5.28709611   4.87207698   4.32200727   3.49973573]
tiempo_ejecución: 45.46342158317566
