xH2: [0.13734576 0.14116749 0.14716749 0.15037504 0.15258361 0.15453882
 0.15644584 0.15825536 0.15983912 0.16118943]
nH2: [6.34503791e+18 6.16001605e+18 5.06817125e+18 3.56162802e+18
 2.10352667e+18 1.06713178e+18 5.14128450e+17 2.52617610e+17
 1.29369406e+17 6.71193505e+16]
GammaxH2: [1.48327761e+22 1.44693647e+22 1.26783522e+22 1.10829847e+22
 7.75823780e+21 3.95561804e+21 1.93160304e+21 9.68162188e+20
 5.11745975e+20 2.79676800e+20]
TH2: [0.         0.         0.         0.         0.         0.
 0.         0.         0.         1.39373239]
qxH2_total: [1108.15572842 1079.50835455  921.01664039  692.35985433  405.73139436
  231.31468186  136.77599944   91.18704675   69.4553157   172.37432718]
nHP: [3.91878285e+17 4.74342928e+17 5.60808688e+17 6.80824285e+17
 4.99555433e+17 2.66928512e+17 1.28602244e+17 6.33833969e+16
 3.38044515e+16 1.87323218e+16]
THP: [ 9.25226988  9.27082691 10.72899065 14.90343093 17.30299777 18.05338288
 18.05338288 18.09972237 18.73312885 19.85314018]
SH: [9.65273624e+21 4.13571504e+22 1.69725030e+23 2.96183284e+23
 2.52791431e+23 1.43620242e+23 7.09427843e+22 3.67160091e+22
 2.13217799e+22 1.27968179e+22]
SP: [3.95386292e+22 1.68626461e+23 7.76884669e+23 1.75066644e+24
 1.67208917e+24 9.80651812e+23 4.84403654e+23 2.51180543e+23
 1.49653189e+23 9.37693819e+22]
xH: [0.13734576 0.13761749 0.13801749 0.13841749 0.13881749 0.13921749
 0.13961749 0.14001749 0.14041749 0.14081749 0.14121749 0.14161749
 0.14201749 0.14241749 0.14281749 0.14321749 0.14361749 0.14401749
 0.14441749 0.14481749 0.14521749 0.14561749 0.14601749 0.14641749
 0.14681749 0.14721749 0.14761749 0.14801749 0.14841749 0.14881749
 0.14921749 0.14961749 0.15001749 0.15041749 0.15081749 0.15121749
 0.15161749 0.15201749 0.15241749 0.15281749 0.15321749 0.15361749
 0.15401749 0.15441749 0.15481749 0.15521749 0.15561749 0.15601749
 0.15641749 0.15681749 0.15721749 0.15761749 0.15801749 0.15841749
 0.15881749 0.15921749 0.15961749 0.16001749 0.16041749 0.16081749
 0.16121749 0.16161749 0.16201749 0.16241749 0.16281749 0.16321749
 0.16361749 0.16401749 0.16441749 0.16481749 0.16521749 0.16561749
 0.16601749 0.16641749 0.16681749 0.16721749 0.16761749 0.16801749
 0.16841749 0.16881749 0.16921749 0.16961749 0.17001749 0.17041749
 0.17081749 0.17121749 0.17161749 0.17201749 0.17241749 0.17281749
 0.17321749 0.17361749 0.17401749 0.17441749 0.17481749 0.17521749
 0.17561749 0.17601749 0.17641749 0.17681749 0.17721749 0.17761749
 0.17801749 0.17841749 0.17881749 0.17921749 0.17961749 0.18001749
 0.18041749 0.18081749 0.18121749 0.18161749 0.18201749 0.18241749
 0.18281749 0.18321749 0.18361749 0.18401749 0.18441749 0.18481749
 0.18521749 0.18561749 0.18601749 0.18641749 0.18681749 0.18721749
 0.18761749 0.18801749 0.18841749 0.18881749 0.18921749 0.18961749
 0.19001749 0.19041749 0.19081749 0.19121749 0.19161749 0.19201749
 0.19241749 0.19281749 0.19321749 0.19361749 0.19401749 0.19441749
 0.19481749]
nH: [2.35415421e+17 2.35690086e+17 2.36160774e+17 2.36759455e+17
 2.37443657e+17 2.38178398e+17 2.38943314e+17 2.39709504e+17
 2.40474454e+17 2.41275670e+17 2.42142972e+17 2.43082102e+17
 2.44101097e+17 2.45200187e+17 2.46381894e+17 2.47646206e+17
 2.48987570e+17 2.50400604e+17 2.51881459e+17 2.53445471e+17
 2.55100749e+17 2.56844372e+17 2.58678106e+17 2.60594678e+17
 2.62601331e+17 2.64697979e+17 2.66868650e+17 2.69093300e+17
 2.71340373e+17 2.73586824e+17 2.75799529e+17 2.77928125e+17
 2.79918219e+17 2.81704589e+17 2.83208518e+17 2.84378260e+17
 2.85200946e+17 2.85677478e+17 2.85827264e+17 2.85627204e+17
 2.85009732e+17 2.83972872e+17 2.82573815e+17 2.80867014e+17
 2.78915449e+17 2.76775887e+17 2.74488316e+17 2.72092399e+17
 2.69625553e+17 2.67118058e+17 2.64590524e+17 2.62052325e+17
 2.59510320e+17 2.56976789e+17 2.54449502e+17 2.51928766e+17
 2.49417430e+17 2.46915199e+17 2.44439458e+17 2.42004363e+17
 2.36495095e+17 2.27882342e+17 2.19265824e+17 2.10674914e+17
 2.02153629e+17 1.93739641e+17 1.85468248e+17 1.77377116e+17
 1.69484432e+17 1.61796457e+17 1.54319056e+17 1.47024503e+17
 1.39873881e+17 1.32817056e+17 1.25602405e+17 1.18082265e+17
 1.10218175e+17 1.01940138e+17 9.34332774e+16 8.51034184e+16
 7.72353322e+16 6.96527215e+16 6.21503937e+16 5.48812105e+16
 4.81703112e+16 4.21874740e+16 3.69493756e+16 3.24510671e+16
 2.86104689e+16 2.53320819e+16 2.25313820e+16 2.01333682e+16
 1.80755097e+16 1.63054811e+16 1.47800474e+16 1.34624774e+16
 1.23212292e+16 1.13299127e+16 1.04662129e+16 9.71156998e+15
 9.05021208e+15 8.46869762e+15 7.95574621e+15 7.50165384e+15
 7.09843809e+15 6.73925471e+15 6.41796763e+15 6.12936738e+15
 5.86901985e+15 5.63313953e+15 5.41848439e+15 5.22226856e+15
 5.04208972e+15 4.87586817e+15 4.72179511e+15 4.57828705e+15
 4.44399633e+15 4.31776722e+15 4.19856818e+15 4.08558089e+15
 3.97810583e+15 3.87544950e+15 3.77698438e+15 3.68214202e+15
 3.59040349e+15 3.50128948e+15 3.41435074e+15 3.32915690e+15
 3.24529550e+15 3.16241062e+15 3.08015415e+15 2.99812175e+15
 2.91586306e+15 2.83286225e+15 2.74850721e+15 2.66204388e+15
 2.57250670e+15 2.47860733e+15 2.37854478e+15 2.26965549e+15
 2.14771443e+15 2.00543819e+15 1.82913058e+15 1.59115286e+15
 1.23494543e+15]
GammaxH: [-2.87938420e+21 -2.87381649e+21 -2.86355521e+21 -2.85082221e+21
 -2.83556080e+21 -2.81772499e+21 -2.79728865e+21 -2.77421350e+21
 -2.74849745e+21 -2.72019528e+21 -2.68909024e+21 -2.65309895e+21
 -2.61040515e+21 -2.56101713e+21 -2.50494819e+21 -2.44220970e+21
 -2.37280665e+21 -2.29674563e+21 -2.21403849e+21 -2.12473707e+21
 -2.02888578e+21 -1.92655336e+21 -1.81785220e+21 -1.70287509e+21
 -1.58182919e+21 -1.45456233e+21 -1.31830451e+21 -1.17065829e+21
 -1.01176126e+21 -8.41864039e+20 -6.61211786e+20 -4.69978334e+20
 -2.68351581e+20 -5.74685901e+19  1.53199338e+20  3.55190167e+20
  5.48583938e+20  7.33559458e+20  9.10222912e+20  1.07550453e+21
  1.22389875e+21  1.35330532e+21  1.46416039e+21  1.55668109e+21
  1.63313385e+21  1.69659291e+21  1.74797403e+21  1.78734027e+21
  1.81471043e+21  1.83289374e+21  1.84492473e+21  1.85091871e+21
  1.85072313e+21  1.84483665e+21  1.83442604e+21  1.82011962e+21
  1.80169514e+21  1.77905981e+21  1.75260217e+21  1.72235466e+21
  1.68336992e+21  1.63728468e+21  1.59050856e+21  1.54318013e+21
  1.49552318e+21  1.44774073e+21  1.40004966e+21  1.35268735e+21
  1.30578963e+21  1.25941580e+21  1.21363020e+21  1.16826411e+21
  1.12305694e+21  1.07770378e+21  1.03059228e+21  9.80737577e+20
  9.27844667e+20  8.71439335e+20  8.12651940e+20  7.53674947e+20
  6.96123879e+20  6.39058279e+20  5.81363389e+20  5.24402252e+20
  4.70550320e+20  4.21211370e+20  3.76812436e+20  3.37468697e+20
  3.02839921e+20  2.72535070e+20  2.46138476e+20  2.23175575e+20
  2.03224755e+20  1.85912356e+20  1.70916076e+20  1.57947258e+20
  1.46742165e+20  1.37070674e+20  1.28732279e+20  1.21550400e+20
  1.15371100e+20  1.10059213e+20  1.05495458e+20  1.01577477e+20
  9.82095190e+19  9.53088438e+19  9.28114070e+19  9.06626101e+19
  8.88159251e+19  8.72317275e+19  8.58763146e+19  8.47210786e+19
  8.37417991e+19  8.29180483e+19  8.22326935e+19  8.16714799e+19
  8.12196130e+19  8.08630599e+19  8.05910061e+19  8.03878472e+19
  8.02411669e+19  8.01476469e+19  8.01050066e+19  8.01119014e+19
  8.01678358e+19  8.02730946e+19  8.04286363e+19  8.06361010e+19
  8.08968957e+19  8.12088971e+19  8.15716306e+19  8.19895761e+19
  8.24680256e+19  8.30132037e+19  8.36324860e+19  8.43347095e+19
  8.51306248e+19  8.60335711e+19  8.70605184e+19  8.82337725e+19
  8.95839691e+19  9.11557688e+19  9.30195164e+19  9.52962842e+19
  9.82105719e+19]
TH: [ 10.00239892  10.00511031  10.01031954  10.01692276  10.02498256
  10.03453709  10.04557712  10.05812486  10.07211341  10.08732108
  10.10370008  10.12240354  10.14427698  10.16896855  10.19607878
  10.22518636  10.25587094  10.28769215  10.32018221  10.35272249
  10.38471531  10.41556078  10.44458827  10.4712414   10.49478169
  10.5146508   10.5308381   10.54279659  10.54936579  10.54913187
  10.54067399  10.52263155  10.49346791  10.45159855  10.39647681
  10.32878942  10.24887616  10.15673061  10.05173228   9.93591499
   9.81427009   9.69030622   9.56589311   9.44250955   9.32121293
   9.20259159   9.0873231    8.97634301   8.87047726   8.76928815
   8.67196221   8.57847365   8.48882397   8.40294623   8.32014203
   8.2398918    8.16212938   8.08658498   8.01286489   7.94054994
   7.95869756   8.07655634   8.21034006   8.36113886   8.52976395
   8.7170577    8.92378991   9.15053952   9.39829949   9.66848266
   9.96265359  10.28413061  10.63771218  11.03026135  11.4839469
  12.02246837  12.67001359  13.46239437  14.42002371  15.5359964
  16.80489888  18.29392178  20.11241239  22.31774141  24.89360065
  27.8147756   31.07124566  34.62395605  38.46014889  42.57333162
  46.94759605  51.56456148  56.39994694  61.42380899  66.59861743
  71.88293474  77.23508931  82.61167991  87.96979905  93.26622257
  98.46081186 103.51773545 108.40460573 113.09491356 117.56499097
 121.79825873 125.78693441 129.52665572 133.01646708 136.25845735
 139.25730492 142.01980947 144.55444382 146.87093754 148.97987405
 150.89216925 152.61863669 154.17040104 155.55850725 156.79364954
 157.88759534 158.85217507 159.69793434 160.43470502 161.07176473
 161.61793422 162.08168351 162.47116732 162.79423997 163.05956753
 163.27730499 163.45853055 163.61590192 163.76517465 163.92704361
 164.12994021 164.41457877 164.84177003 165.50680148 166.56817388
 168.31044005 171.29448452 176.74795212 187.65342768 211.69129828]
qxH_total: [-34137.6288702  -34127.5811257  -34108.35487193 -34085.19366622
 -34056.98663667 -34022.89455923 -33982.47747567 -33935.12569335
 -33880.80337802 -33820.33115149 -33753.61285074 -33674.83634653
 -33578.86467609 -33465.47718551 -33334.48016239 -33185.63528712
 -33018.61090029 -32833.07706022 -32628.71124058 -32405.33162472
 -32162.59522411 -31900.22121291 -31618.14314612 -31316.1708535
 -30994.58523746 -30652.08120818 -30275.4082174  -29852.08047964
 -29380.28310055 -28858.34413598 -28284.57707599 -27657.07923962
 -26973.86017019 -26236.55627835 -25478.38737091 -24730.16004686
 -23992.04996727 -23264.03322772 -22546.15487894 -21853.70416894
 -21212.94911475 -20634.62749607 -20118.41043858 -19664.54038755
 -19266.28733982 -18913.49781525 -18603.13409555 -18335.34490007
 -18110.10872225 -17915.65575649 -17739.44309775 -17579.89783957
 -17435.90499793 -17304.36718385 -17178.23299332 -17053.0170726
 -16928.06998862 -16801.40730944 -16670.0691971  -16532.4417676
 -16408.83431279 -16295.56482624 -16168.74209454 -16028.81561238
 -15877.57874106 -15716.57727938 -15547.0715936  -15370.97808656
 -15189.06989677 -15001.88058942 -14809.88071179 -14611.80533552
 -14405.71100705 -14185.63264292 -13920.63068793 -13582.50859611
 -13141.6406397  -12552.6775532  -11808.87778116 -10996.66203877
 -10191.06806957  -9327.15013778  -8307.2795539   -7114.3925837
  -5841.73370638  -4565.53792008  -3326.85995365  -2182.85079587
  -1140.39969185   -180.61299769    711.03974352   1540.65577075
   2313.63704575   3034.79098495   3708.28465615   4337.8923599
   4926.77845823   5477.66147245   5993.24607155   6475.29865055
   6925.66966173   7346.12985894   7737.93586185   8102.74635241
   8440.76774927   8752.567586     9040.38898102   9306.31162695
   9552.27384214   9780.08817199   9991.45510361  10187.97543194
  10371.16019693  10542.44040163  10703.17676651  10854.67000577
  10997.71399169  11132.86218838  11260.8472794   11381.44157911
  11494.66448276  11601.64873636  11703.4662587   11801.13988092
  11895.65130411  11987.94785896  12078.94092714  12169.51772745
  12260.42483566  12351.82564365  12444.01509977  12537.86450479
  12634.24295062  12734.02291751  12838.09009369  12947.35430755
  13062.76288088  13185.31775372  13316.09821238  13456.29307282
  13607.24965318  13770.55648701  13948.21628637  14143.1670497
  14361.57398911]
NetHSource: [4.61130432e+22 5.02407905e+22 5.91379343e+22 6.78138307e+22
 7.54165916e+22 8.30233498e+22 9.00089007e+22 9.66972822e+22
 1.03631195e+23 1.11646939e+23 1.20999124e+23 1.39819354e+23
 1.58802022e+23 1.77870970e+23 1.97232701e+23 2.16630634e+23
 2.36159462e+23 2.55772844e+23 2.75632030e+23 2.96486015e+23
 3.17412790e+23 3.38845852e+23 3.60591660e+23 3.82663779e+23
 4.05817094e+23 4.30954689e+23 4.68939940e+23 5.07179334e+23
 5.45831897e+23 5.85717126e+23 6.25811555e+23 6.66455393e+23
 7.07428062e+23 7.43412048e+23 7.36938408e+23 7.30431292e+23
 7.22809553e+23 7.14557300e+23 7.05739194e+23 6.78025043e+23
 6.37891651e+23 5.96204195e+23 5.53503980e+23 5.11130949e+23
 4.76194972e+23 4.45315587e+23 4.13743962e+23 3.81988487e+23
 3.50318453e+23 3.33344320e+23 3.17431075e+23 3.02564633e+23
 2.88158500e+23 2.77094784e+23 2.72213315e+23 2.67257342e+23
 2.63768818e+23 2.62129821e+23 2.62201359e+23 2.63405911e+23
 2.36543061e+23 2.36783035e+23 2.36551720e+23 2.35634837e+23
 2.33473080e+23 2.30945302e+23 2.27326366e+23 2.23135903e+23
 2.18799808e+23 2.14402210e+23 2.09867141e+23 2.06923013e+23
 2.04439699e+23 2.04555836e+23 2.16769853e+23 2.26713394e+23
 2.43896108e+23 2.61673092e+23 2.71770279e+23 2.65086290e+23
 2.57089677e+23 2.65420826e+23 2.77103150e+23 2.80738004e+23
 2.69169590e+23 2.57130699e+23 2.39253363e+23 2.20475276e+23
 2.03809036e+23 1.89029622e+23 1.76015922e+23 1.64520927e+23
 1.54372326e+23 1.45380069e+23 1.37296889e+23 1.30153121e+23
 1.23771541e+23 1.18086533e+23 1.13002247e+23 1.08349571e+23
 1.04193013e+23 1.00364714e+23 9.68773002e+22 9.36864492e+22
 9.05925495e+22 8.77834947e+22 8.52240470e+22 8.28836676e+22
 8.07358497e+22 7.87575030e+22 7.69284886e+22 7.52311422e+22
 7.36499137e+22 7.21710728e+22 7.07823976e+22 6.94729164e+22
 6.81767992e+22 6.69186438e+22 6.56861311e+22 6.43642277e+22
 6.30956661e+22 6.18745369e+22 6.06953382e+22 5.95529675e+22
 5.84426526e+22 5.73598755e+22 5.62992746e+22 5.52572041e+22
 5.42129402e+22 5.31083542e+22 5.20144645e+22 5.09276230e+22
 4.98430086e+22 4.87551131e+22 4.76574178e+22 4.65419468e+22
 4.53985573e+22 4.42138044e+22 4.29690428e+22 4.16368544e+22
 4.01740518e+22 3.85065983e+22 3.64956687e+22 3.38601956e+22
 3.00145006e+22]
Sion: [9.09914729e+20 1.24607474e+21 1.74283072e+21 2.18801552e+21
 2.39712874e+21 2.60611441e+21 2.67933184e+21 2.68792333e+21
 2.75015627e+21 3.04731677e+21 3.34917070e+21 3.71627554e+21
 4.11688794e+21 4.53443522e+21 5.01353183e+21 5.49885405e+21
 6.01088147e+21 6.53955549e+21 7.12536490e+21 7.95310221e+21
 8.80106389e+21 9.99547573e+21 1.14297509e+22 1.31103171e+22
 1.56149213e+22 1.83683030e+22 2.14643526e+22 2.48718073e+22
 2.86784561e+22 3.33869716e+22 3.84591324e+22 4.40641669e+22
 5.01135448e+22 5.64081372e+22 6.25631186e+22 6.89321602e+22
 7.46662783e+22 8.01043272e+22 8.52867217e+22 8.90832374e+22
 9.27920447e+22 9.50264075e+22 9.64920918e+22 9.76118534e+22
 9.75683608e+22 9.74497871e+22 9.71103020e+22 9.66502486e+22
 9.62151929e+22 9.60116084e+22 9.57885287e+22 9.61589870e+22
 9.67914828e+22 9.77014409e+22 9.99648607e+22 1.02200568e+23
 1.05649523e+23 1.09670942e+23 1.13953074e+23 1.19378624e+23
 1.23214357e+23 1.25501262e+23 1.27551770e+23 1.29122219e+23
 1.29951685e+23 1.30421695e+23 1.30092049e+23 1.29264087e+23
 1.28217247e+23 1.27081273e+23 1.25703175e+23 1.25538483e+23
 1.25651535e+23 1.27413752e+23 1.37515321e+23 1.45888229e+23
 1.59087455e+23 1.72280853e+23 1.80132299e+23 1.78136361e+23
 1.74270090e+23 1.80596204e+23 1.87732073e+23 1.88172446e+23
 1.78634428e+23 1.68090904e+23 1.54161404e+23 1.39933029e+23
 1.27092462e+23 1.15447570e+23 1.05171133e+23 9.60960509e+22
 8.80978219e+22 8.10382356e+22 7.47505212e+22 6.92264230e+22
 6.43448631e+22 6.00377134e+22 5.62294303e+22 5.28210162e+22
 4.98080470e+22 4.71018414e+22 4.46832154e+22 4.25146609e+22
 4.05111010e+22 3.87193432e+22 3.71110805e+22 3.56619942e+22
 3.43511543e+22 3.31605036e+22 3.20744244e+22 3.10793652e+22
 3.01635354e+22 2.93166374e+22 2.85296299e+22 2.77945198e+22
 2.70882377e+22 2.64146608e+22 2.57672588e+22 2.51111718e+22
 2.44850766e+22 2.38851168e+22 2.33077852e+22 2.27498898e+22
 2.22085007e+22 2.16808943e+22 2.11642204e+22 2.06561660e+22
 2.01498824e+22 1.96288257e+22 1.91111722e+22 1.85946901e+22
 1.80766773e+22 1.75540247e+22 1.70230239e+22 1.64790918e+22
 1.59163411e+22 1.53268978e+22 1.46997350e+22 1.40185205e+22
 1.32573239e+22 1.23714125e+22 1.12766341e+22 9.80315876e+21
 7.60354729e+21]
QH_total: [ 110958.89787292  123202.01393967  143256.21920772  163623.19504584
  182792.69499668  202065.92694343  220394.06353568  238243.46915942
  256499.11235901  276641.12144303  300674.41488759  351392.13352946
  403252.82393522  456138.30507374  510637.90700878  566137.88706467
  622939.77909154  680953.37288307  740768.2020054   805362.79580209
  871696.53051565  940469.91808217 1011248.71134515 1084136.06462397
 1160803.98736846 1246873.41442468 1392144.42660487 1543354.66700847
 1701178.23911439 1869187.97560566 2042902.96573982 2224349.16811414
 2412449.0648285  2587446.73917816 2607935.54095327 2627056.14026299
 2640406.15207172 2650088.48378423 2656289.32033879 2575690.4657574
 2438219.92588041 2293123.22557224 2143197.05628855 1991173.35648103
 1864617.69082436 1752884.75469834 1638401.97492739 1522872.80623414
 1408357.90097241 1354363.09388716 1304761.30443049 1263622.04355813
 1226728.34926926 1205111.59821485 1213757.18724346 1222727.91523271
 1241148.77175159 1269764.16242603 1306717.62288461 1349386.17467775
 1288755.60650886 1347621.58551388 1405396.42142548 1460873.46310999
 1504671.95288497 1548435.50151707 1581953.40817297 1610557.8720822
 1638816.5935481  1665841.46084722 1692755.46890307 1737127.20679605
 1789585.25454931 1888040.97310884 2199491.28670742 2523507.87492369
 3050265.84531251 3699255.42115826 4263221.36155012 4347774.11496314
 4426540.14238576 4992139.81787748 5791277.8067779  6475953.31369322
 6634632.29573466 6791048.12999772 6649724.72682657 6394455.55736085
 6172591.7581983  6000834.73946377 5843945.17171624 5699464.53099912
 5566280.32154577 5442432.44976388 5323426.77433816 5212815.64374256
 5106390.41592599 5005499.25886046 4909261.53840879 4811209.00804434
 4719040.49245674 4625080.59343231 4533182.15858084 4443105.60039902
 4343228.48111823 4248651.02536387 4158975.2866816  4073841.76048049
 3992924.84921479 3915926.45216325 3842579.21833588 3772638.13030081
 3705877.22349985 3642091.56940696 3581092.1230405  3522704.70306466
 3462643.15889009 3403155.46763005 3343754.10475745 3276309.30984986
 3211546.36843077 3149313.78189919 3089470.31858209 3031885.09705081
 2976435.88135239 2923008.18282927 2871419.79275861 2821614.97190594
 2772281.7379191  2719315.2644654  2668114.15786286 2618636.91485496
 2570799.03734988 2524520.83607074 2479726.19765276 2436342.59880166
 2394300.96527645 2353534.48183386 2313978.03454806 2275565.53582341
 2238229.13191677 2201893.54408316 2166465.20143814 2131808.94081233
 2097711.47952401]
SideWallH: [0. 0. 0. 0. 0. 0. 0. 0. 0. 0. 0. 0. 0. 0. 0. 0. 0. 0. 0. 0. 0. 0. 0. 0.
 0. 0. 0. 0. 0. 0. 0. 0. 0. 0. 0. 0. 0. 0. 0. 0. 0. 0. 0. 0. 0. 0. 0. 0.
 0. 0. 0. 0. 0. 0. 0. 0. 0. 0. 0. 0. 0. 0. 0. 0. 0. 0. 0. 0. 0. 0. 0. 0.
 0. 0. 0. 0. 0. 0. 0. 0. 0. 0. 0. 0. 0. 0. 0. 0. 0. 0. 0. 0. 0. 0. 0. 0.
 0. 0. 0. 0. 0. 0. 0. 0. 0. 0. 0. 0. 0. 0. 0. 0. 0. 0. 0. 0. 0. 0. 0. 0.
 0. 0. 0. 0. 0. 0. 0. 0. 0. 0. 0. 0. 0. 0. 0. 0. 0. 0. 0. 0. 0. 0. 0. 0.
 0.]
Lyman: [148089.23372808 153624.90070479 140856.68214246 124968.66699825
 118057.10726753 111568.18817873 109812.11300589 110164.23315879
 108800.99715202 100499.78022566  93015.33435637  84956.62681164
  77396.80972524  70697.22022105  64157.65690149  58622.82104641
  53703.71222498  49426.72006512  45496.41933138  41146.44528085
  37602.41442651  35538.01670653  34231.24179957  33385.59616353
  33624.44775911  33908.66882398  34335.41348034  34886.93376337
  35550.17795104  36398.51224376  37409.42450857  38510.57609674
  39743.15113725  41080.34436214  42318.94267407  43642.02457366
  44770.24124012  45799.82231802  46760.73531261  47342.2793597
  47877.11729852  47829.31222633  47481.01354242  47034.39163332
  46295.09291046  45536.625006    44865.72316083  44231.56669189
  43557.15909047  42729.44977444  41912.92402634  40900.91987369
  39823.8895037   38810.96905221  37962.40520211  37158.02859541
  36628.58394198  36251.5213764   36003.60540837  36165.59110145
  35889.0166093   35448.72317656  35105.01405618  34764.12421765
  34630.43864914  34410.24636621  34240.15805237  34047.8991037
  33800.8985073   33587.45023912  33292.8103575   33093.42608722
  32865.50943408  32268.44168684  30677.11423185  29247.70106467
  27603.01536226  26166.8670724   25348.66806059  25954.85932952
  26067.2132731   25673.57236025  24657.1968155   23029.62988884
  21178.88439737  19016.39940338  16930.24313805  14985.01852084
  13186.47061869  11579.27969071  10168.49389007   8941.96184617
   7881.79181428   6970.41467001   6194.26172531   5528.72427328
   4958.96276015   4469.4792806    4048.03702072   3686.51455041
   3372.83303868   3101.90918225   2866.12610837   2660.2085188
   2482.76163943   2325.96690822   2186.84546165   2062.89379878
   1952.00236144   1852.38791818   1762.53854865   1681.16777028
   1607.17641067   1539.62201569   1477.6930172    1420.68643461
   1368.69675675   1320.76354019   1276.47154062   1236.67974842
   1199.3170539    1164.10182848   1130.78131499   1099.12815676
   1068.93643382   1040.01771949   1012.20768359    985.33500801
    959.40217067    934.77530261    910.59572745    886.71386757
    862.97457104    839.20452302    815.20303574    790.72808224
    765.47545204    739.04541881    710.88598183    680.18857175
    645.67977765    605.17577496    554.58287804    485.64912691
    381.47091047]
Balmer: [823.87813214 869.04804369 834.07536271 772.67587387 743.98571021
 715.99086822 708.72843149 711.00099662 705.44185758 667.24985106
 631.49505872 591.43117338 552.37547378 516.51153029 480.21055551
 448.46062637 419.35121036 393.30020167 368.73172855 340.8264949
 317.35735651 304.73630373 297.26508944 292.69995174 296.04378958
 298.51640322 300.95880356 303.37604764 305.78366409 308.40748868
 311.66758678 315.08419317 319.12978793 323.84108773 328.20867009
 333.13536085 337.35759576 341.22714128 344.87599445 346.84233015
 348.52127626 347.2173313  344.31595408 340.86215438 335.9514045
 330.88542705 326.3320649  321.98553915 317.37592835 311.80622984
 306.29872993 299.51195073 292.28894448 285.39458922 279.23730798
 273.40176185 269.07538946 265.68180409 263.14702817 263.07919642
 259.95850235 255.39428206 251.55444927 247.88215073 245.55949164
 242.85790337 240.54105494 238.17906436 235.59167449 233.30875298
 230.62831105 228.82494028 227.05954333 223.5756587  215.91281404
 208.96249492 201.54255038 195.2534471  192.10674692 197.502292
 199.37244043 199.42427191 194.88828187 184.71201982 171.62580721
 155.79632844 139.95529741 124.86503816 110.7358447   97.9365708
  86.60248746  76.66323631  68.00177274  60.49613558  54.04927291
  48.48351359  43.68614786  39.54003105  35.95028601  32.85087981
  30.14961558  27.80245334  25.74972065  23.9483569   22.38203225
  20.99309283  19.75647538  18.65102621  17.65885219  16.76477496
  15.95588762  15.22117698  14.551209    13.93787787  13.3741896
  12.85407591  12.37657943  11.93446516  11.52400129  11.14925945
  10.79690518  10.4644547   10.14967932   9.85057584   9.56533192
   9.29229222   9.02998557   8.77693618   8.53267081   8.29875322
   8.06997187   7.84506628   7.62272391   7.40149417   7.17971441
   6.9553982    6.72606926   6.48849532   6.23823518   5.96880666
   5.6700247    5.32444584   4.89939863   4.32908088   3.47888164]
tiempo_ejecución: 42.07934355735779
