xH2: [0.13734576 0.14116282 0.14716282 0.15037369 0.15258248 0.15453772
 0.15644476 0.15825421 0.15983812 0.16118857]
nH2: [6.34560407e+18 6.16094235e+18 5.07032789e+18 3.56331278e+18
 2.10498187e+18 1.06789065e+18 5.14478090e+17 2.52790633e+17
 1.29447349e+17 6.71589590e+16]
GammaxH2: [1.48314771e+22 1.44689824e+22 1.26819649e+22 1.10886463e+22
 7.76330301e+21 3.95828371e+21 1.93286121e+21 9.68803490e+20
 5.12050283e+20 2.79845307e+20]
TH2: [0.         0.         0.         0.         0.         0.
 0.         0.         0.         1.39446285]
qxH2_total: [1108.08840444 1079.5084223   921.29158652  692.64019054  405.99414475
  231.47929136  136.88042693   91.26525671   69.51946798  172.56046385]
nHP: [3.91913252e+17 4.74366878e+17 5.60541192e+17 6.80647682e+17
 4.99873948e+17 2.67118334e+17 1.28689702e+17 6.34288579e+16
 3.38234830e+16 1.87425270e+16]
THP: [ 9.25226988  9.27081938 10.72393924 14.89578772 17.30224514 18.05338288
 18.05338288 18.10021043 18.73249295 19.85232691]
SH: [9.65359755e+21 4.13167729e+22 1.69535605e+23 2.96031485e+23
 2.52940745e+23 1.43719785e+23 7.09896425e+22 3.67422393e+22
 2.13325014e+22 1.28031658e+22]
SP: [3.95421572e+22 1.68462144e+23 7.75727370e+23 1.74908448e+24
 1.67302220e+24 9.81331500e+23 4.84723606e+23 2.51365049e+23
 1.49724662e+23 9.38130563e+22]
xH: [0.13734576 0.13761749 0.13801749 0.13841749 0.13881749 0.13921749
 0.13961749 0.14001749 0.14041749 0.14081749 0.14121749 0.14161749
 0.14201749 0.14241749 0.14281749 0.14321749 0.14361749 0.14401749
 0.14441749 0.14481749 0.14521749 0.14561749 0.14601749 0.14641749
 0.14681749 0.14721749 0.14761749 0.14801749 0.14841749 0.14881749
 0.14921749 0.14961749 0.15001749 0.15041749 0.15081749 0.15121749
 0.15161749 0.15201749 0.15241749 0.15281749 0.15321749 0.15361749
 0.15401749 0.15441749 0.15481749 0.15521749 0.15561749 0.15601749
 0.15641749 0.15681749 0.15721749 0.15761749 0.15801749 0.15841749
 0.15881749 0.15921749 0.15961749 0.16001749 0.16041749 0.16081749
 0.16121749 0.16161749 0.16201749 0.16241749 0.16281749 0.16321749
 0.16361749 0.16401749 0.16441749 0.16481749 0.16521749 0.16561749
 0.16601749 0.16641749 0.16681749 0.16721749 0.16761749 0.16801749
 0.16841749 0.16881749 0.16921749 0.16961749 0.17001749 0.17041749
 0.17081749 0.17121749 0.17161749 0.17201749 0.17241749 0.17281749
 0.17321749 0.17361749 0.17401749 0.17441749 0.17481749 0.17521749
 0.17561749 0.17601749 0.17641749 0.17681749 0.17721749 0.17761749
 0.17801749 0.17841749 0.17881749 0.17921749 0.17961749 0.18001749
 0.18041749 0.18081749 0.18121749 0.18161749 0.18201749 0.18241749
 0.18281749 0.18321749 0.18361749 0.18401749 0.18441749 0.18481749
 0.18521749 0.18561749 0.18601749 0.18641749 0.18681749 0.18721749
 0.18761749 0.18801749 0.18841749 0.18881749 0.18921749 0.18961749
 0.19001749 0.19041749 0.19081749 0.19121749 0.19161749 0.19201749
 0.19241749 0.19281749 0.19321749 0.19361749 0.19401749 0.19441749
 0.19481749]
nH: [2.35400837e+17 2.35675483e+17 2.36146129e+17 2.36744210e+17
 2.37427800e+17 2.38162459e+17 2.38927286e+17 2.39693385e+17
 2.40459915e+17 2.41262709e+17 2.42129903e+17 2.43068909e+17
 2.44087757e+17 2.45187265e+17 2.46369369e+17 2.47633472e+17
 2.48974609e+17 2.50387399e+17 2.51870077e+17 2.53435916e+17
 2.55090949e+17 2.56834327e+17 2.58667824e+17 2.60586170e+17
 2.62594670e+17 2.64691361e+17 2.66862218e+17 2.69087104e+17
 2.71335580e+17 2.73583579e+17 2.75797050e+17 2.77926584e+17
 2.79917689e+17 2.81705104e+17 2.83210337e+17 2.84381748e+17
 2.85206296e+17 2.85684879e+17 2.85836732e+17 2.85638224e+17
 2.85022128e+17 2.83986350e+17 2.82587677e+17 2.80881121e+17
 2.78929676e+17 2.76790184e+17 2.74502560e+17 2.72106424e+17
 2.69639321e+17 2.67131545e+17 2.64603504e+17 2.62064768e+17
 2.59522400e+17 2.56988484e+17 2.54460784e+17 2.51939602e+17
 2.49427793e+17 2.46925073e+17 2.44448492e+17 2.42012581e+17
 2.36502721e+17 2.27889232e+17 2.19271980e+17 2.10681280e+17
 2.02160180e+17 1.93745416e+17 1.85473262e+17 1.77381384e+17
 1.69487697e+17 1.61798768e+17 1.54320735e+17 1.47025557e+17
 1.39874310e+17 1.32795059e+17 1.25559705e+17 1.18042371e+17
 1.10181072e+17 1.01905778e+17 9.34149829e+16 8.50998619e+16
 7.72262999e+16 6.96389940e+16 6.21381767e+16 5.48786328e+16
 4.81759078e+16 4.21932962e+16 3.69554348e+16 3.24557936e+16
 2.86142836e+16 2.53351512e+16 2.25337066e+16 2.01351036e+16
 1.80767677e+16 1.63063562e+16 1.47806196e+16 1.34628267e+16
 1.23214050e+16 1.13299430e+16 1.04661305e+16 9.71140070e+15
 9.04998613e+15 8.46843169e+15 7.95544365e+15 7.50132525e+15
 7.09809194e+15 6.73889767e+15 6.41760493e+15 6.12900306e+15
 5.86865702e+15 5.63278054e+15 5.41813098e+15 5.22192198e+15
 5.04175081e+15 4.87553741e+15 4.72147270e+15 4.57797290e+15
 4.44368999e+15 4.31746764e+15 4.19828334e+15 4.08531387e+15
 3.97785028e+15 3.87520426e+15 3.77674868e+15 3.68191522e+15
 3.59018502e+15 3.50107872e+15 3.41414701e+15 3.32895924e+15
 3.24510774e+15 3.16223453e+15 3.07998658e+15 2.99796189e+15
 2.91571040e+15 2.83271640e+15 2.74836785e+15 2.66191077e+15
 2.57237965e+15 2.47848622e+15 2.37842957e+15 2.26954626e+15
 2.14761144e+15 2.00534199e+15 1.82904235e+15 1.59107520e+15
 1.23488420e+15]
GammaxH: [-2.87912122e+21 -2.87355308e+21 -2.86329133e+21 -2.85055730e+21
 -2.83529506e+21 -2.81745936e+21 -2.79702332e+21 -2.77394868e+21
 -2.74823571e+21 -2.71993683e+21 -2.68880894e+21 -2.65277490e+21
 -2.61004628e+21 -2.56063227e+21 -2.50454527e+21 -2.44179581e+21
 -2.37238974e+21 -2.29633362e+21 -2.21364317e+21 -2.12436640e+21
 -2.02854385e+21 -1.92624811e+21 -1.81759154e+21 -1.70267779e+21
 -1.58170320e+21 -1.45447116e+21 -1.31822314e+21 -1.17059597e+21
 -1.01173497e+21 -8.41883147e+20 -6.61279044e+20 -4.70103099e+20
 -2.68542185e+20 -5.77592437e+19  1.52797061e+20  3.54722745e+20
  5.48095434e+20  7.33087398e+20  9.09816059e+20  1.07517528e+21
  1.22364253e+21  1.35311396e+21  1.46401194e+21  1.55656752e+21
  1.63305473e+21  1.69654874e+21  1.74795612e+21  1.78733865e+21
  1.81471648e+21  1.83290931e+21  1.84495136e+21  1.85095256e+21
  1.85076297e+21  1.84488307e+21  1.83448015e+21  1.82017860e+21
  1.80175619e+21  1.77912191e+21  1.75265960e+21  1.72240665e+21
  1.68342106e+21  1.63733427e+21  1.59055668e+21  1.54323054e+21
  1.49557577e+21  1.44779171e+21  1.40009916e+21  1.35273553e+21
  1.30583367e+21  1.25945597e+21  1.21366973e+21  1.16830320e+21
  1.12309577e+21  1.07760171e+21  1.03035875e+21  9.80523278e+20
  9.27650971e+20  8.71268001e+20  8.12552970e+20  7.53638207e+20
  6.96052672e+20  6.38958244e+20  5.81277892e+20  5.24368367e+20
  4.70556488e+20  4.21215710e+20  3.76814035e+20  3.37461137e+20
  3.02829328e+20  2.72522727e+20  2.46121278e+20  2.23154665e+20
  2.03200945e+20  1.85886374e+20  1.70888571e+20  1.57918795e+20
  1.46713142e+20  1.37041429e+20  1.28703081e+20  1.21521468e+20
  1.15342464e+20  1.10030985e+20  1.05467863e+20  1.01550595e+20
  9.81834040e+19  9.52835340e+19  9.27869273e+19  9.06389749e+19
  8.87931403e+19  8.72097914e+19  8.58552210e+19  8.47008180e+19
  8.37223590e+19  8.28994139e+19  8.22148481e+19  8.16544070e+19
  8.12032974e+19  8.08474864e+19  8.05755384e+19  8.03724466e+19
  8.02264108e+19  8.01335099e+19  8.00914652e+19  8.00989334e+19
  8.01554199e+19  8.02612116e+19  8.04172688e+19  8.06252333e+19
  8.08861392e+19  8.11982247e+19  8.15613862e+19  8.19797396e+19
  8.24585785e+19  8.30041285e+19  8.36237661e+19  8.43263287e+19
  8.51225677e+19  8.60258227e+19  8.70530636e+19  8.82265959e+19
  8.95770554e+19  9.11491016e+19  9.30130772e+19  9.52900500e+19
  9.82045092e+19]
TH: [ 10.00089725  10.00360946  10.00881992  10.01542616  10.02348906
  10.03304495  10.04408628  10.05663522  10.07061873  10.08582096
  10.10221596  10.1209472   10.14284222  10.16754665  10.19466374
  10.22377553  10.25445932  10.28627527  10.31874225  10.35125551
  10.38323302  10.41406154  10.44307132  10.46968115  10.49317938
  10.51303984  10.5292224   10.54117311  10.5477168   10.54745735
  10.53898846  10.52093796  10.49177373  10.44991928  10.39482743
  10.3271832   10.24731631  10.15520661  10.05024245   9.93446037
   9.81286418   9.68894299   9.56455217   9.44118794   9.31990621
   9.20129886   9.08604302   8.97507188   8.86921611   8.76803473
   8.67070811   8.57721864   8.48757342   8.40169857   8.31889542
   8.23864621   8.16088526   8.08534212   8.01162105   7.93930487
   7.95743805   8.07526566   8.20901531   8.35976107   8.52832884
   8.71557973   8.92226622   9.14896743   9.39668725   9.66682954
   9.96094671  10.28236883  10.63589535  11.02965368  11.4846771
  12.02310546  12.67051995  13.46269158  14.41860363  15.53271752
  16.80256549  18.29255984  20.11060214  22.31275645  24.88491951
  27.80515072  31.06043582  34.61309023  38.44898087  42.56174245
  46.935835    51.55273463  56.38817996  61.41221713  66.58729934
  71.87192024  77.22446456  82.60157845  87.96027497  93.25731439
  98.45248658 103.51002693 108.39761077 113.08861483 117.55936655
 121.79327966 125.7825659  129.52285851 133.01319916 136.25567541
 139.25496566 142.01787054 144.55286456 146.86967951 148.97890159
 150.89144849 152.61812957 154.17003343 155.55822058 156.79351781
 157.8876524  158.85235436 159.69821103 160.43506392 161.07219419
 161.61842395 162.08221995 162.47170904 162.79480576 163.06021878
 163.27801623 163.45926345 163.6166477  163.76593007 163.92780673
 164.13070971 164.41535389 164.8425504  165.50758745 166.5689674
 168.3112458  171.29531261 176.74882281 187.6543726  211.69231692]
qxH_total: [-34130.70430374 -34120.65556322 -34101.42820926 -34078.2539245
 -34050.03432333 -34015.94264165 -33975.52683602 -33928.17740311
 -33873.89483659 -33813.46327012 -33746.68323405 -33667.78993059
 -33571.72470861 -33458.27758894 -33327.24608714 -33178.38297192
 -33011.36699408 -32825.86898437 -32621.58821699 -32398.32293987
 -32155.70997127 -31893.48991557 -31611.59707092 -31309.88932941
 -30988.60137077 -30646.23537018 -30269.59388008 -29846.34563565
 -29374.69019918 -28852.95082901 -28279.43461787 -27652.2539092
 -26969.42395793 -26232.67620745 -25475.10490346 -24727.27609373
 -23989.36163564 -23261.34410758 -22543.25211915 -21850.51923597
 -21209.51224418 -20630.96070451 -20114.557858   -19660.52551602
 -19262.10966667 -18909.17013667 -18598.6881078  -18330.80267739
 -18105.50195325 -17910.97435637 -17734.65100667 -17575.0077412
 -17430.9459537  -17299.33405934 -17173.11933581 -17047.83306909
 -16922.82539783 -16796.10360325 -16664.70524482 -16527.01769976
 -16403.34822089 -16290.01538499 -16163.12650215 -16023.24372353
 -15872.04837955 -15710.97372983 -15541.39239043 -15365.22086233
 -15183.26260279 -14996.02067708 -14803.93532039 -14605.77171004
 -14399.58581592 -14177.19545664 -13909.85758801 -13571.58386347
 -13130.53769074 -12541.35851232 -11803.29804849 -10996.81266623
 -10189.59412482  -9324.0308992   -8303.83538187  -7115.87228184
  -5848.13129922  -4572.95877494  -3335.32823367  -2191.01545683
  -1147.96297597   -187.58983823    704.31928822   1534.18407946
   2307.4073246    3028.79652001   3702.5182733    4332.32371394
   4921.40050115   5472.48970814   5988.27275022   6470.51764676
   6921.03909895   7341.64324372   7733.62363664   8098.60247404
   8436.78624365   8748.74264442   9036.71513381   9302.78371192
   9548.88692638   9776.83743373   9988.33601991  10184.98375858
  10368.29189196  10539.69158712  10700.54367327  10852.14920629
  10995.30245386  11130.55726833  11258.55589544  11379.1590653
  11492.4759737   11599.55037803  11701.45469327  11799.21198152
  11893.8040921   11986.17864996  12077.24728932  12167.89758714
  12258.8250735   12350.24285965  12442.49665054  12536.40769066
  12632.84539163  12732.68237785  12836.80447428  12946.12160458
  13061.58118454  13184.18528671  13315.01322592  13455.25387095
  13606.25469154  13769.60428357  13947.30543347  14142.29622746
  14360.74197366]
NetHSource: [4.61134513e+22 5.02406723e+22 5.91370729e+22 6.77946111e+22
 7.54142265e+22 8.30203438e+22 9.00053101e+22 9.66931310e+22
 1.03683759e+23 1.11642003e+23 1.21113293e+23 1.39913639e+23
 1.58876404e+23 1.77947245e+23 1.97267405e+23 2.16645365e+23
 2.36154300e+23 2.55747741e+23 2.75675577e+23 2.96421841e+23
 3.17328626e+23 3.38741674e+23 3.60467456e+23 3.82599731e+23
 4.05653996e+23 4.30938767e+23 4.68900504e+23 5.07116542e+23
 5.45818819e+23 5.85608568e+23 6.25691741e+23 6.66300797e+23
 7.07250628e+23 7.43042716e+23 7.36705143e+23 7.30265360e+23
 7.22798792e+23 7.14658104e+23 7.05919637e+23 6.78191535e+23
 6.37956668e+23 5.96332718e+23 5.53613278e+23 5.11220545e+23
 4.76302772e+23 4.45387519e+23 4.13809288e+23 3.82032015e+23
 3.50339547e+23 3.33396596e+23 3.17498980e+23 3.02596829e+23
 2.88180839e+23 2.77129464e+23 2.72240848e+23 2.67277692e+23
 2.63781987e+23 2.62144766e+23 2.62245000e+23 2.63415685e+23
 2.36548791e+23 2.36788303e+23 2.36556462e+23 2.35583410e+23
 2.33478690e+23 2.30950260e+23 2.27330628e+23 2.23139442e+23
 2.18810389e+23 2.14403633e+23 2.09867843e+23 2.06922974e+23
 2.04438879e+23 2.05762122e+23 2.16701747e+23 2.26643131e+23
 2.43821565e+23 2.61594017e+23 2.70619584e+23 2.65074300e+23
 2.57463777e+23 2.65374822e+23 2.77055927e+23 2.79878540e+23
 2.69190967e+23 2.56959395e+23 2.39280487e+23 2.20496975e+23
 2.03823609e+23 1.89044268e+23 1.76025621e+23 1.64529178e+23
 1.54378162e+23 1.45384757e+23 1.37299099e+23 1.30150954e+23
 1.23771555e+23 1.18085686e+23 1.13000574e+23 1.08347520e+23
 1.04186121e+23 1.00362055e+23 9.68744040e+22 9.36833763e+22
 9.05893549e+22 8.77802293e+22 8.52207361e+22 8.28803478e+22
 8.07325350e+22 7.87542099e+22 7.69252317e+22 7.52279331e+22
 7.36467558e+22 7.21679709e+22 7.07793495e+22 6.94699272e+22
 6.81738664e+22 6.69157514e+22 6.56721138e+22 6.43616085e+22
 6.30931536e+22 6.18721161e+22 6.06929998e+22 5.95507030e+22
 5.84404561e+22 5.73577506e+22 5.62972068e+22 5.52551887e+22
 5.42046286e+22 5.31065385e+22 5.20127323e+22 5.09259648e+22
 4.98414204e+22 4.87535884e+22 4.76559559e+22 4.65405460e+22
 4.53972121e+22 4.42125198e+22 4.29678089e+22 4.16356792e+22
 4.01729384e+22 3.85055506e+22 3.64947006e+22 3.38593307e+22
 3.00137990e+22]
Sion: [9.09858361e+20 1.24599671e+21 1.74272186e+21 2.18404262e+21
 2.39696829e+21 2.60593964e+21 2.67915212e+21 2.68774258e+21
 2.76241826e+21 3.04715264e+21 3.34898936e+21 3.71607322e+21
 4.11666225e+21 4.53889540e+21 5.01327621e+21 5.49856512e+21
 6.01056774e+21 6.53920986e+21 7.14648009e+21 7.95280149e+21
 8.80072335e+21 9.99508251e+21 1.14292943e+22 1.31652523e+22
 1.56145205e+22 1.83679655e+22 2.14638309e+22 2.48712290e+22
 2.87184600e+22 3.33865677e+22 3.84644516e+22 4.40639143e+22
 5.01134412e+22 5.63870122e+22 6.25635044e+22 6.88992485e+22
 7.46676676e+22 8.01063939e+22 8.52645856e+22 8.90866712e+22
 9.27244244e+22 9.50309166e+22 9.64968207e+22 9.76167591e+22
 9.75733330e+22 9.74474393e+22 9.71153399e+22 9.66552290e+22
 9.62197721e+22 9.60164545e+22 9.58078550e+22 9.61635476e+22
 9.67959878e+22 9.77058797e+22 9.99692860e+22 1.02204965e+23
 1.05653903e+23 1.09675324e+23 1.13986790e+23 1.19382671e+23
 1.23218328e+23 1.25505051e+23 1.27555337e+23 1.29101081e+23
 1.29955881e+23 1.30425571e+23 1.30095556e+23 1.29267182e+23
 1.28234035e+23 1.27083087e+23 1.25704535e+23 1.25539370e+23
 1.25651912e+23 1.28257576e+23 1.37468537e+23 1.45838905e+23
 1.59033847e+23 1.72222746e+23 1.79543382e+23 1.78128892e+23
 1.74527225e+23 1.80560571e+23 1.87695127e+23 1.87688096e+23
 1.78655160e+23 1.68010074e+23 1.54186680e+23 1.39953409e+23
 1.27097865e+23 1.15461549e+23 1.05181056e+23 9.61043291e+22
 8.81039475e+22 8.10430717e+22 7.47534124e+22 6.92268719e+22
 6.43457819e+22 6.00378698e+22 5.62289260e+22 5.28200956e+22
 4.98051918e+22 4.71003619e+22 4.46815166e+22 4.25127987e+22
 4.05091249e+22 3.87172928e+22 3.71089825e+22 3.56598749e+22
 3.43490307e+22 3.31583900e+22 3.20723317e+22 3.10773028e+22
 3.01615075e+22 2.93146489e+22 2.85276817e+22 2.77926128e+22
 2.70863711e+22 2.64128284e+22 2.57623124e+22 2.51095295e+22
 2.44835039e+22 2.38836061e+22 2.33063314e+22 2.27484885e+22
 2.22071484e+22 2.16795896e+22 2.11629573e+22 2.06549396e+22
 2.01469983e+22 1.96277321e+22 1.91101324e+22 1.85936986e+22
 1.80757314e+22 1.75531210e+22 1.70221612e+22 1.64782685e+22
 1.59155551e+22 1.53261497e+22 1.46990223e+22 1.40178453e+22
 1.32566879e+22 1.23708187e+22 1.12760901e+22 9.80267995e+21
 7.60317010e+21]
QH_total: [ 110947.90729524  123188.85228708  143239.96730885  163579.32718712
  182770.07963439  202040.24393759  220365.33747379  238211.7105057
  256559.09537036  276603.88816142  300968.01337958  351627.47051181
  403427.58743601  456304.98452466  510684.24725572  566116.4951741
  622849.23802074  680791.14910561  740845.21836733  805051.29682572
  871306.56749539  939999.2209807  1010695.04464264 1083685.43621439
 1160078.65959345 1246786.18913247 1391937.26159183 1543015.44244782
 1701013.59984894 1868550.11619653 2042162.30309393 2223366.95326437
 2411278.1041433  2585484.64189877 2606548.46037858 2625985.7607261
 2640026.14974807 2650224.57021371 2656807.18977717 2576171.90875245
 2438326.98943269 2293501.76224774 2143519.89547426 1991437.18463632
 1864945.33665149 1753022.23542011 1638575.84286427 1522969.17074603
 1408371.52715811 1354509.75214508 1305072.49966909 1263702.3537841
 1226775.03844301 1205214.20818846 1213831.08873478 1222773.47084949
 1241166.50265811 1269793.22225956 1306877.0217052  1349401.05466001
 1288763.97407921 1347630.517813   1405405.58022886 1460065.2792864
 1504682.64400381 1548446.36182124 1581964.34744615 1610569.03291198
 1638727.78062431 1665852.82279114 1692766.83508592 1737138.80480599
 1789597.19573509 1906880.50960425 2199487.068619   2523505.90641313
 3050267.41938746 3699261.9866484  4225382.50831532 4347807.25114981
 4436886.96730615 4992169.56002088 5791314.99095777 6441113.40272178
 6634698.108752   6781968.91564529 6649794.82064141 6394521.89691906
 6174057.28694474 6000895.46338945 5843969.72863124 5699520.87159721
 5566334.39550483 5442509.55750853 5323477.93770134 5212682.51453753
 5106439.61598604 5005546.5007934  4909298.48575168 4811254.93123992
 4718784.0878109  4625124.43043372 4533225.28400618 4443147.84685905
 4343269.29668089 4248691.21523769 4159014.37618818 4073880.54595846
 3992962.66578441 3915963.29907728 3842615.53806212 3772673.97431983
 3705912.52925698 3642126.18019207 3581125.71358941 3522738.11324035
 3462676.27956082 3403187.69920287 3342961.10412257 3276340.09640932
 3211576.99802962 3149344.02765151 3089500.08253586 3031914.0994675
 2976464.0111946  2923036.27360292 2871447.18250547 2821642.18410242
 2771838.49666144 2719341.26754427 2668139.7524054  2618662.25813383
 2570823.97740402 2524545.36332428 2479750.33292076 2436366.39664232
 2394324.21708041 2353557.65634349 2314000.30207586 2275587.52492699
 2238250.83717478 2201914.87812313 2166486.29039992 2131829.71166155
 2097732.07554355]
SideWallH: [0. 0. 0. 0. 0. 0. 0. 0. 0. 0. 0. 0. 0. 0. 0. 0. 0. 0. 0. 0. 0. 0. 0. 0.
 0. 0. 0. 0. 0. 0. 0. 0. 0. 0. 0. 0. 0. 0. 0. 0. 0. 0. 0. 0. 0. 0. 0. 0.
 0. 0. 0. 0. 0. 0. 0. 0. 0. 0. 0. 0. 0. 0. 0. 0. 0. 0. 0. 0. 0. 0. 0. 0.
 0. 0. 0. 0. 0. 0. 0. 0. 0. 0. 0. 0. 0. 0. 0. 0. 0. 0. 0. 0. 0. 0. 0. 0.
 0. 0. 0. 0. 0. 0. 0. 0. 0. 0. 0. 0. 0. 0. 0. 0. 0. 0. 0. 0. 0. 0. 0. 0.
 0. 0. 0. 0. 0. 0. 0. 0. 0. 0. 0. 0. 0. 0. 0. 0. 0. 0. 0. 0. 0. 0. 0. 0.
 0.]
Lyman: [148080.05967155 153615.38995613 140847.97456835 125100.95600176
 118049.23604949 111560.73428937 109804.74720066 110156.82533878
 108401.72326241 100494.39347566  93010.32909     84952.02956777
  77392.59350413  70616.69708235  64154.40571459  58619.87960473
  53700.9250227   49424.12033931  45380.21083594  41144.90529588
  37600.97033649  35536.63079448  34229.88931872  33469.37972492
  33623.59285625  33907.93620524  34334.58943726  34886.12691818
  35552.87657744  36398.07969303  37406.66149853  38510.36221381
  39743.07656153  41069.38688201  42319.21191442  43631.81841936
  44771.07277223  45801.00654729  46755.68446407  47344.10874005
  47851.3872845   47831.58031753  47483.34773453  47036.75147896
  46297.45662408  45543.67027647  44868.051658    44233.84670723
  43559.58855328  42731.60776285  41909.84561591  40902.86289883
  39825.74284745  38812.73071057  37964.08654884  37159.63223433
  36630.1038928   36252.97629949  36014.69882294  36166.82073633
  35890.17284311  35449.78942967  35105.99932059  34784.87386019
  34631.5534509   34411.27106428  34241.08666027  34048.71537091
  33811.7952376   33587.92766745  33293.17063588  33093.66008346
  32865.6091622   32167.71832332  30666.69557143  29237.83356404
  27593.73567375  26158.06386046  25478.86898996  25953.77104058
  26064.92441329  25668.51970061  24652.3587186   23051.01537618
  21181.33560485  19024.02017252  16933.00759092  14987.19141217
  13188.32143272  11580.67589601  10169.59552982   8942.72817144
   7882.33708335   6970.74834862   6194.49981333   5528.95642529
   4959.03283901   4469.49139763   4048.00948599   3686.4511293
   3372.84567226   3101.81317064   2866.01868579   2660.09380758
   2482.64250999   2325.84563515   2186.7240075    2062.7733371
   1951.88387512   1852.27206732   1762.42583539   1681.05838644
   1607.07058889   1539.51970517   1477.59420495   1420.59101506
   1368.60442449   1320.67389063   1276.51840427   1236.60077812
   1199.24174159   1164.02980427   1130.71233736   1099.06201776
   1068.87292338   1039.95656083   1012.14871308    985.27788661
    959.40918203    934.72451705    910.54737501    886.66772965
    862.9304624     839.16236304    815.16270307    790.68949671
    765.43859256    739.0101983     710.85246346    680.15672445
    645.64967417    605.14759494    554.55695879    485.62625413
    381.4528166 ]
Balmer: [823.82709332 868.99418615 834.02373721 773.20968785 743.93608164
 715.94300958 708.68089297 710.95318694 703.59737311 667.21406451
 631.4610506  591.39914508 552.34535985 516.05892261 480.18620398
 448.43800081 419.32943379 393.27950589 368.00373571 340.813727
 317.34516355 304.72441404 297.25333703 293.39618093 296.03626646
 298.50979297 300.95158162 303.36904389 305.76860955 308.40383398
 311.64370371 315.08245163 319.12919457 323.78683816 328.21077036
 333.09239266 337.36387435 341.2359628  344.85814793 346.85571644
 348.39786366 347.23378243 344.3328565  340.87924031 335.96853547
 330.93151206 326.34898081 322.00211626 317.39338705 311.82195642
 306.28043153 299.52615903 292.30252741 285.4075312  279.24965865
 273.41353222 269.08653799 265.69243859 263.21172556 263.08811981
 259.96685937 255.40195214 251.56149139 248.00501515 245.56738269
 242.86511503 240.54755511 238.1847592  235.65827149 233.31206124
 230.6307997  228.82655395 227.06022948 223.13642402 215.83977439
 208.892319   201.47517745 195.18821708 192.92456288 197.49407398
 199.4011657  199.3853474  194.85040382 184.82786112 171.64543552
 155.84728772 139.97783774 124.88288485 110.74884642  97.94818494
  86.61157594  76.6696796   68.00637858  60.49902491  54.05129953
  48.48533612  43.686748    39.54013463  35.95004243  32.85033422
  30.14953692  27.80162584  25.74879459  23.94736788  22.38100524
  20.99204801  19.75542953  18.64998996  17.65783377  16.76378009
  15.95492088  15.22024002  14.5503038   13.93700386  13.37334647
  12.85326314  12.37579438  11.93370407  11.52407292  11.14859145
  10.79626958  10.46384817  10.1490997    9.85002114   9.56480022
   9.29178147   9.02949406   8.77646124   8.53256169   8.29833268
   8.06957237   7.84468604   7.62236119   7.40114827   7.17938423
   6.95508303   6.7257688    6.48820895   6.23796305   5.96854867
   5.66978137   5.32421852   4.89918999   4.32889715   3.47873662]
tiempo_ejecución: 41.59181833267212
