xH2: [0.13734576 0.13983301 0.14583301 0.15002834 0.15266281 0.15499569
 0.15725489 0.15927522 0.16094715]
nH2: [5.46516909e+18 5.36732830e+18 4.76140099e+18 3.43206533e+18
 2.05858285e+18 1.03455607e+18 4.97144627e+17 2.51166549e+17
 1.32200895e+17]
GammaxH2: [1.41778926e+22 1.40648068e+22 1.34966421e+22 1.26750307e+22
 9.11432397e+21 4.65474540e+21 2.30959972e+21 1.22105652e+21
 6.87211823e+20]
TH2: [0.         0.         0.         0.         0.         0.
 0.         0.         1.53396753]
qxH2_total: [1601.69432337 1585.09965444 1483.51092358 1197.34407     744.95517439
  446.98004628  285.70552572  208.96264376  484.35793634]
nHP: [3.37536374e+17 4.04648672e+17 4.18572673e+17 6.25051097e+17
 4.90747540e+17 2.58780141e+17 1.24353972e+17 6.42463714e+16
 3.64240130e+16]
THP: [ 9.25226988  9.26921575  9.58054404 14.41658222 17.35608157 18.05338288
 18.05338288 18.39555484 19.6245349 ]
SH: [8.31418764e+21 2.89163315e+22 1.02414588e+23 2.63108803e+23
 2.49153922e+23 1.40275334e+23 6.96059556e+22 3.91654376e+22
 2.45399169e+22]
SP: [3.40557925e+22 1.17948294e+23 4.28174215e+23 1.51619839e+24
 1.65182062e+24 9.57812482e+23 4.75275669e+23 2.71197512e+23
 1.78284189e+23]
xH: [0.13734576 0.1376182  0.1380182  0.1384182  0.1388182  0.1392182
 0.1396182  0.1400182  0.1404182  0.1408182  0.1412182  0.1416182
 0.1420182  0.1424182  0.1428182  0.1432182  0.1436182  0.1440182
 0.1444182  0.1448182  0.1452182  0.1456182  0.1460182  0.1464182
 0.1468182  0.1472182  0.1476182  0.1480182  0.1484182  0.1488182
 0.1492182  0.1496182  0.1500182  0.1504182  0.1508182  0.1512182
 0.1516182  0.1520182  0.1524182  0.1528182  0.1532182  0.1536182
 0.1540182  0.1544182  0.1548182  0.1552182  0.1556182  0.1560182
 0.1564182  0.1568182  0.1572182  0.1576182  0.1580182  0.1584182
 0.1588182  0.1592182  0.1596182  0.1600182  0.1604182  0.1608182
 0.1612182  0.1616182  0.1620182  0.1624182  0.1628182  0.1632182
 0.1636182  0.1640182  0.1644182  0.1648182  0.1652182  0.1656182
 0.1660182  0.1664182  0.1668182  0.1672182  0.1676182  0.1680182
 0.1684182  0.1688182  0.1692182  0.1696182  0.1700182  0.1704182
 0.1708182  0.1712182  0.1716182  0.1720182  0.1724182  0.1728182
 0.1732182  0.1736182  0.1740182  0.1744182  0.1748182  0.1752182
 0.1756182  0.1760182  0.1764182  0.1768182  0.1772182  0.1776182
 0.1780182  0.1784182  0.1788182  0.1792182  0.1796182  0.1800182
 0.1804182  0.1808182  0.1812182  0.1816182  0.1820182  0.1824182
 0.1828182  0.1832182  0.1836182  0.1840182  0.1844182  0.1848182
 0.1852182  0.1856182  0.1860182  0.1864182  0.1868182  0.1872182
 0.1876182  0.1880182  0.1884182  0.1888182  0.1892182  0.1896182
 0.1900182  0.1904182  0.1908182  0.1912182  0.1916182  0.1920182
 0.1924182  0.1928182  0.1932182  0.1936182  0.1940182  0.1944182
 0.1948182 ]
nH: [2.21359250e+17 2.21598596e+17 2.22017612e+17 2.22554961e+17
 2.23171067e+17 2.23833323e+17 2.24523034e+17 2.25213910e+17
 2.25904446e+17 2.26629790e+17 2.27417172e+17 2.28271272e+17
 2.29199705e+17 2.30203475e+17 2.31285958e+17 2.32448486e+17
 2.33687634e+17 2.35000463e+17 2.36385903e+17 2.37861438e+17
 2.39438527e+17 2.41119441e+17 2.42913014e+17 2.44820770e+17
 2.46856356e+17 2.49022453e+17 2.51297561e+17 2.53657165e+17
 2.56073250e+17 2.58527749e+17 2.60992293e+17 2.63420096e+17
 2.65760130e+17 2.67944383e+17 2.69913434e+17 2.71635256e+17
 2.73084664e+17 2.74243933e+17 2.75109323e+17 2.75656559e+17
 2.75814665e+17 2.75557402e+17 2.74925785e+17 2.73962675e+17
 2.72719250e+17 2.71244446e+17 2.69576046e+17 2.67747847e+17
 2.65789430e+17 2.63728199e+17 2.61593186e+17 2.59406334e+17
 2.57177867e+17 2.54916516e+17 2.52619254e+17 2.50289950e+17
 2.47937194e+17 2.45563518e+17 2.43184882e+17 2.40815225e+17
 2.35305667e+17 2.26644903e+17 2.17985652e+17 2.09357557e+17
 2.00804843e+17 1.92365247e+17 1.84074095e+17 1.75968969e+17
 1.68067822e+17 1.60376681e+17 1.52901165e+17 1.45613242e+17
 1.38473865e+17 1.31433583e+17 1.24240512e+17 1.16747502e+17
 1.08918027e+17 1.00683660e+17 9.22285909e+16 8.39584633e+16
 7.61569436e+16 6.86459110e+16 6.12220493e+16 5.40374753e+16
 4.74125226e+16 4.15128269e+16 3.63529476e+16 3.19260891e+16
 2.81496809e+16 2.49285018e+16 2.21784746e+16 1.98251779e+16
 1.78066611e+16 1.60711563e+16 1.45759479e+16 1.32847903e+16
 1.21665903e+16 1.11953644e+16 1.03491605e+16 9.60974089e+15
 8.96162038e+15 8.39160952e+15 7.88864929e+15 7.44323295e+15
 7.04754614e+15 6.69489281e+15 6.37927279e+15 6.09559362e+15
 5.83952201e+15 5.60735932e+15 5.39593838e+15 5.20253794e+15
 5.02481138e+15 4.86072713e+15 4.70851797e+15 4.56663635e+15
 4.43376541e+15 4.30877599e+15 4.19065998e+15 4.07861885e+15
 3.97197032e+15 3.87003672e+15 3.77220416e+15 3.67791597e+15
 3.58666340e+15 3.49797592e+15 3.41141190e+15 3.32654755e+15
 3.24297570e+15 3.16034553e+15 3.07831361e+15 2.99647916e+15
 2.91439512e+15 2.83154852e+15 2.74732980e+15 2.66098715e+15
 2.57155703e+15 2.47775300e+15 2.37777596e+15 2.26896445e+15
 2.14709606e+15 2.00489121e+15 1.82865983e+15 1.59077258e+15
 1.23467944e+15]
GammaxH: [-2.73020435e+21 -2.72533320e+21 -2.71610701e+21 -2.70440196e+21
 -2.69016447e+21 -2.67335116e+21 -2.65393781e+21 -2.63159469e+21
 -2.60568493e+21 -2.57591928e+21 -2.54234020e+21 -2.50495903e+21
 -2.46379223e+21 -2.41884758e+21 -2.37013746e+21 -2.31767219e+21
 -2.26145599e+21 -2.20149478e+21 -2.13779958e+21 -2.07041858e+21
 -1.99939307e+21 -1.92478778e+21 -1.84477836e+21 -1.75528202e+21
 -1.65425302e+21 -1.54188806e+21 -1.41830122e+21 -1.28361972e+21
 -1.13797811e+21 -9.81617165e+20 -8.14773446e+20 -6.37619080e+20
 -4.50339427e+20 -2.59866979e+20 -7.32081964e+19  1.09431305e+20
  2.88112255e+20  4.62989872e+20  6.34150291e+20  7.99315135e+20
  9.52129100e+20  1.08882939e+21  1.20983451e+21  1.31535448e+21
  1.40567492e+21  1.48240214e+21  1.54805828e+21  1.60380387e+21
  1.64966472e+21  1.68560568e+21  1.71159873e+21  1.72990449e+21
  1.74297057e+21  1.75094257e+21  1.75352374e+21  1.75047474e+21
  1.74244479e+21  1.73011445e+21  1.71347859e+21  1.69227081e+21
  1.65773236e+21  1.61190388e+21  1.56540948e+21  1.51838822e+21
  1.47106321e+21  1.42363641e+21  1.37632354e+21  1.32936000e+21
  1.28287989e+21  1.23694156e+21  1.19160828e+21  1.14671195e+21
  1.10199458e+21  1.05715971e+21  1.01061010e+21  9.61374924e+20
  9.09176447e+20  8.53558514e+20  7.95642888e+20  7.37594971e+20
  6.81003716e+20  6.24937331e+20  5.68312996e+20  5.12482303e+20
  4.59765075e+20  4.11521138e+20  3.68154401e+20  3.29759235e+20
  2.95991422e+20  2.66463155e+20  2.40763401e+20  2.18423811e+20
  1.99028996e+20  1.82211333e+20  1.67654212e+20  1.55074433e+20
  1.44213438e+20  1.34845887e+20  1.26775685e+20  1.19830153e+20
  1.13858912e+20  1.08730042e+20  1.04327140e+20  1.00550452e+20
  9.73064815e+19  9.45145457e+19  9.21125075e+19  9.00474350e+19
  8.82742558e+19  8.67546173e+19  8.54559291e+19  8.43505544e+19
  8.34151221e+19  8.26299468e+19  8.19785443e+19  8.14472279e+19
  8.10216854e+19  8.06883105e+19  8.04366593e+19  8.02514513e+19
  8.01205773e+19  8.00409868e+19  8.00106320e+19  8.00283709e+19
  8.00938844e+19  8.02076117e+19  8.03706464e+19  8.05847460e+19
  8.08514497e+19  8.11686838e+19  8.15360224e+19  8.19580548e+19
  8.24401347e+19  8.29885410e+19  8.36106962e+19  8.43154791e+19
  8.51136768e+19  8.60186598e+19  8.70474241e+19  8.82222970e+19
  8.95739303e+19  9.11469920e+19  9.30118223e+19  9.52894695e+19
  9.82043863e+19]
TH: [ 10.08582652  10.08838754  10.09345835  10.10002902  10.10817392
  10.11793946  10.12931808  10.1425435   10.15797637  10.1755729
  10.19504328  10.21617353  10.23871733  10.26244566  10.28710467
  10.31244179  10.3382268   10.36422584  10.39019162  10.4157394
  10.44052165  10.46419574  10.48708667  10.51016353  10.53297655
  10.55413726  10.57249142  10.58685549  10.59602344  10.59854575
  10.59301127  10.578143    10.55255683  10.51511806  10.46591385
  10.40524759  10.33324571  10.24978027  10.1541957   10.04734048
   9.93326865   9.81579008   9.69667878   9.57729904   9.459038
   9.34273006   9.22857002   9.1170268    9.00866724   8.90395284
   8.80340383   8.70649863   8.61226147   8.52058411   8.43129718
   8.3443333    8.25930112   8.17548589   8.09256203   8.01017045
   8.02207476   8.13820022   8.27065567   8.42056516   8.58877409
   8.77615604   8.98350622   9.21142565   9.46092935   9.73345346
  10.03058743  10.35570017  10.71366149  11.11140398  11.57150212
  12.11812578  12.77590309  13.58136409  14.55554322  15.69130213
  16.98285734  18.49893177  20.35080923  22.59650334  25.21898158
  28.19198124  31.50437605  35.11542228  39.01118277  43.18394925
  47.6164531   52.2889303   57.17570335  62.24550122  67.45955889
  72.7754255   78.1507387   83.54169017  88.90529128  94.19851788
  99.38171902 104.41980754 109.28130466 113.94071578 118.37546555
 122.57007772 126.51777281 130.21510422 133.66192924 136.86103776
 139.81769458 142.53917416 145.03431958 147.31313559 149.38639708
 151.26513877 152.96024063 154.48284746 155.84397658 157.05427873
 158.12544586 159.06919107 159.89593701 160.61539066 161.23670602
 161.76858368 162.21937877 162.59713907 162.90961199 163.16537123
 163.37449575 163.54798158 163.69840897 163.84146735 163.99779435
 164.19577249 164.47607507 164.89947944 165.5612468  166.61985705
 168.3598441  171.34207169 176.79416792 187.69877405 211.73684581]
qxH_total: [-33708.12938072 -33699.90332436 -33683.56707879 -33663.22837735
 -33637.82022011 -33606.53962308 -33568.97398554 -33523.76882622
 -33469.19744683 -33405.11258056 -33332.08636249 -33250.16611076
 -33159.44333893 -33059.86322801 -32951.39195715 -32833.94812953
 -32707.36085243 -32571.46249297 -32426.09099499 -32271.18910309
 -32106.54717952 -31932.03864344 -31741.21859679 -31519.33915734
 -31257.76739771 -30955.2562172  -30610.27936166 -30221.38260445
 -29787.05657171 -29305.85350164 -28776.31423968 -28196.83873713
 -27565.69811162 -26904.99525873 -26238.19971809 -25565.77827642
 -24887.4989419  -24202.94902987 -23511.76019935 -22825.0458241
 -22172.38196873 -21571.62252625 -21022.14982538 -20523.81917691
 -20076.68814074 -19676.12017423 -19313.64869984 -18985.4692531
 -18691.45773886 -18431.03480374 -18203.71633282 -17999.26847187
 -17806.163599   -17622.86337285 -17448.41893839 -17281.90341513
 -17118.74100146 -16953.52795023 -16785.08844417 -16613.13235458
 -16473.4294837  -16360.81475414 -16234.44893712 -16094.7864061
 -15943.62609604 -15782.51864331 -15612.73872935 -15436.21574518
 -15253.73375606 -15065.83928169 -14873.01478942 -14673.9990651
 -14466.85218175 -14245.66949724 -13979.34891477 -13639.5901183
 -13196.7779472  -12605.50816448 -11858.41102985 -11042.88474338
 -10234.76506448  -9368.00811053  -8344.89706623  -7148.74656523
  -5872.94528869  -4593.66975054  -3352.15249152  -2205.59780028
  -1160.77712037   -198.79921919    694.85469207   1526.29194959
   2300.92530212   3023.5741945    3698.41599983   4329.23567376
   4919.20888536   5471.06502421   5987.52446448   6470.35706056
   6921.41797889   7342.49031018   7734.83838754   8100.12626125
   8438.56660012   8750.73664555   9038.88502565   9305.09635405
   9551.3132033    9779.35198043   9990.9166816   10187.61108911
  10370.94902133  10542.36392578  10703.21858902  10854.81571099
  10997.94972789  11133.17554714  11261.22582634  11381.87409149
  11495.14336434  11602.16734271  11704.01876469  11801.72116022
  11896.25681332  11988.57367378  12079.58364847  12170.17440561
  12261.09695668  12352.50981997  12444.70427768  12538.55715321
  12634.93776856  12734.71875752  12838.78596489  12948.04939041
  13063.45652933  13186.00944612  13316.7874862   13456.9795508
  13607.93307576  13771.23667698  13948.89310798  14143.84043968
  14362.24397913]
NetHSource: [4.12554885e+22 4.56552650e+22 5.43948177e+22 6.29317225e+22
 7.04458297e+22 7.79710511e+22 8.49109797e+22 9.30591535e+22
 1.03156198e+23 1.14283352e+23 1.25428541e+23 1.36862839e+23
 1.48448777e+23 1.60116236e+23 1.72058597e+23 1.84036750e+23
 1.96140138e+23 2.08324658e+23 2.20744913e+23 2.34101989e+23
 2.47533064e+23 2.61450239e+23 2.85262291e+23 3.20520511e+23
 3.56833195e+23 3.93338708e+23 4.30148102e+23 4.67211933e+23
 5.04686117e+23 5.43371168e+23 5.82285629e+23 6.21758026e+23
 6.61600479e+23 6.67700968e+23 6.72555241e+23 6.77454577e+23
 6.81358785e+23 6.84725794e+23 6.87608269e+23 6.75784249e+23
 6.43524075e+23 6.09404382e+23 5.74226264e+23 5.38741686e+23
 5.01726603e+23 4.71887162e+23 4.46491611e+23 4.20781879e+23
 3.95039428e+23 3.69602405e+23 3.44089481e+23 3.31341457e+23
 3.20214893e+23 3.09435259e+23 3.00434420e+23 2.91335495e+23
 2.87996667e+23 2.85986245e+23 2.84144427e+23 2.83428667e+23
 2.35515907e+23 2.35655916e+23 2.35326145e+23 2.34313116e+23
 2.32065483e+23 2.29456898e+23 2.25765808e+23 2.21513969e+23
 2.17123034e+23 2.12676139e+23 2.08098434e+23 2.05107543e+23
 2.02572306e+23 2.02584319e+23 2.14674373e+23 2.24443385e+23
 2.41398929e+23 2.58906361e+23 2.68929342e+23 2.62055327e+23
 2.54065026e+23 2.62284121e+23 2.73782858e+23 2.77321542e+23
 2.65876138e+23 2.53995661e+23 2.36342873e+23 2.17829008e+23
 2.01413835e+23 1.86873253e+23 1.74079386e+23 1.62785751e+23
 1.52820582e+23 1.43995419e+23 1.36063138e+23 1.29055633e+23
 1.22796321e+23 1.17220801e+23 1.12234924e+23 1.07669123e+23
 1.03590442e+23 9.98313689e+22 9.64056435e+22 9.32690084e+22
 9.02240247e+22 8.74580226e+22 8.49364791e+22 8.26294788e+22
 8.05110598e+22 7.85586268e+22 7.67524529e+22 7.50752479e+22
 7.35117937e+22 7.20486349e+22 7.06738044e+22 6.93765530e+22
 6.80911469e+22 6.68425973e+22 6.56182754e+22 6.43039854e+22
 6.30421317e+22 6.18269164e+22 6.06529363e+22 5.95151712e+22
 5.84089251e+22 5.73297522e+22 5.62723367e+22 5.52330958e+22
 5.41918384e+22 5.30888331e+22 5.19969360e+22 5.09118624e+22
 4.98288182e+22 4.87423141e+22 4.76458581e+22 4.65314914e+22
 4.53890878e+22 4.42052172e+22 4.29612489e+22 4.16297882e+22
 4.01676703e+22 3.85008929e+22 3.64906896e+22 3.38560837e+22
 3.00114907e+22]
Sion: [8.55585590e+20 1.17239730e+21 1.63928106e+21 2.05880697e+21
 2.25337401e+21 2.44948890e+21 2.51763359e+21 2.52538057e+21
 2.58226817e+21 2.86282234e+21 3.14597749e+21 3.49048439e+21
 3.86621016e+21 4.25786247e+21 4.70711220e+21 5.16215735e+21
 5.64234046e+21 6.13818351e+21 6.68830880e+21 7.46538806e+21
 8.26204369e+21 9.38570818e+21 1.07355031e+22 1.23168318e+22
 1.46828717e+22 1.72850807e+22 2.02171381e+22 2.34506536e+22
 2.70687541e+22 3.15569999e+22 3.64026292e+22 4.17733171e+22
 4.75887455e+22 5.36624428e+22 5.96362212e+22 6.58539753e+22
 7.15030972e+22 7.69075171e+22 8.21053719e+22 8.59801692e+22
 8.98051185e+22 9.22136566e+22 9.38838252e+22 9.52134441e+22
 9.54019468e+22 9.55033231e+22 9.53730849e+22 9.51076910e+22
 9.48467636e+22 9.47943864e+22 9.47046189e+22 9.51908231e+22
 9.59242881e+22 9.69238383e+22 9.92515252e+22 1.01541469e+23
 1.05031489e+23 1.09079623e+23 1.13366424e+23 1.18803762e+23
 1.22606353e+23 1.24832124e+23 1.26819164e+23 1.28325860e+23
 1.29095378e+23 1.29506907e+23 1.29123044e+23 1.28246462e+23
 1.27154162e+23 1.25974390e+23 1.24556138e+23 1.24344891e+23
 1.24404860e+23 1.26074297e+23 1.36054756e+23 1.44268760e+23
 1.57257577e+23 1.70202290e+23 1.77915981e+23 1.75764176e+23
 1.71858842e+23 1.78037240e+23 1.84974899e+23 1.85306514e+23
 1.75847628e+23 1.65423054e+23 1.51682274e+23 1.37676955e+23
 1.25051448e+23 1.13613294e+23 1.03528106e+23 9.46286852e+22
 8.67906152e+22 7.98766650e+22 7.37205077e+22 6.83146902e+22
 6.35389809e+22 5.93262359e+22 5.56021358e+22 5.22682876e+22
 4.93214904e+22 4.66739130e+22 4.43071225e+22 4.21841015e+22
 4.02211460e+22 3.84649164e+22 3.68877457e+22 3.54658735e+22
 3.41788589e+22 3.30090747e+22 3.19412737e+22 3.09622319e+22
 3.00604439e+22 2.92258583e+22 2.84496515e+22 2.77240198e+22
 2.70260531e+22 2.63598231e+22 2.57187939e+22 2.50684451e+22
 2.44473723e+22 2.38518123e+22 2.32783382e+22 2.27238271e+22
 2.21854097e+22 2.16604166e+22 2.11460403e+22 2.06400106e+22
 2.01356454e+22 1.96159950e+22 1.90997391e+22 1.85844887e+22
 1.80675629e+22 1.75458692e+22 1.70157164e+22 1.64725351e+22
 1.59104504e+22 1.53216000e+22 1.46949682e+22 1.40142372e+22
 1.32534923e+22 1.23680244e+22 1.12737190e+22 9.80080414e+21
 7.60190046e+21]
QH_total: [  99315.62499069  111579.4236757   131365.81130912  151470.44006912
  170357.05651214  189358.3266019   207414.33760899  228970.51999105
  255573.81328596  284146.44989693  313005.56011713  342760.41742084
  373219.53980518  404267.78057615  436498.842508    469317.84021279
  503024.9952781   537517.06104848  573396.30054041  613633.72622091
  655186.24806736  698752.08476021  776283.26176867  896154.55785824
 1023658.25235147 1156271.46636522 1294051.95684391 1436930.85357085
 1585698.34368072 1744103.39912268 1907545.08498578 2077940.63366703
 2254588.53374981 2317225.74450399 2375405.30642187 2433673.13997236
 2487619.19071321 2539362.56467669 2589107.72790553 2572325.32036747
 2462934.91194271 2346073.03680541 2224975.30951697 2101586.22832806
 1970654.73323257 1863373.05494164 1771914.60179546 1679249.02610069
 1587451.56471438 1499679.39802138 1412003.35709991 1379897.67938933
 1356561.11088165 1335949.18668506 1327459.36284995 1319403.06432427
 1340004.08006532 1368361.09614613 1398209.86180453 1433721.62436865
 1288577.78925573 1347391.94430882 1405125.38992019 1460539.06138524
 1504303.85413123 1548037.11827928 1581502.6276407  1610085.493224
 1638323.33667963 1665332.36159642 1692233.48544098 1736637.03319962
 1789081.82792644 1887018.54088873 2199402.56049981 2523402.48850847
 3050648.54925922 3699649.16020414 4268059.8522894  4347099.49793044
 4425876.28476297 4992736.1502197  5791863.9007555  6475418.71178772
 6634141.48796962 6790610.8282785  6648601.42657146 6393454.08434863
 6171767.41447455 6000104.57335939 5843301.28968527 5698897.51798105
 5565783.29632432 5442015.2339974  5323043.18838118 5212484.86090278
 5106098.24411827 5005248.84526965 4909084.86767365 4811015.41310456
 4718877.78297635 4624928.28571522 4533055.90682461 4442969.72310441
 4343114.49747342 4248556.60273208 4158898.50406994 4073780.72049997
 3992877.26762779 3915891.47520516 3842555.25141884 3772623.78511915
 3705872.06146884 3642094.13761098 3581101.52172109 3522720.53360892
 3462654.05708168 3403171.34617819 3343751.40349544 3276311.35027415
 3211552.81225195 3149324.08555959 3089484.09986549 3031901.68806803
 2976454.79296468 2923029.62344688 2871443.07067444 2821640.42179678
 2772345.63808867 2719332.01004076 2668132.48166587 2618656.78468956
 2570820.28123404 2524543.04777227 2479749.38167752 2436366.69896412
 2394325.99993639 2353560.22585421 2314004.20288428 2275592.19609122
 2238256.31663013 2201921.09823947 2166492.99733812 2131836.94446609
 2097739.7011277 ]
SideWallH: [0. 0. 0. 0. 0. 0. 0. 0. 0. 0. 0. 0. 0. 0. 0. 0. 0. 0. 0. 0. 0. 0. 0. 0.
 0. 0. 0. 0. 0. 0. 0. 0. 0. 0. 0. 0. 0. 0. 0. 0. 0. 0. 0. 0. 0. 0. 0. 0.
 0. 0. 0. 0. 0. 0. 0. 0. 0. 0. 0. 0. 0. 0. 0. 0. 0. 0. 0. 0. 0. 0. 0. 0.
 0. 0. 0. 0. 0. 0. 0. 0. 0. 0. 0. 0. 0. 0. 0. 0. 0. 0. 0. 0. 0. 0. 0. 0.
 0. 0. 0. 0. 0. 0. 0. 0. 0. 0. 0. 0. 0. 0. 0. 0. 0. 0. 0. 0. 0. 0. 0. 0.
 0. 0. 0. 0. 0. 0. 0. 0. 0. 0. 0. 0. 0. 0. 0. 0. 0. 0. 0. 0. 0. 0. 0. 0.
 0.]
Lyman: [139247.13093039 144431.78380257 132391.75147849 117395.62954845
 110949.04650802 104837.56029342 103184.94236426 103502.45066709
 102248.82037323  94385.49859369  87346.32786307  79766.14912328
  72659.8556959   66360.93965972  60216.20552689  55016.32821379
  50395.56222744  46379.90617     42689.10772044  38609.57964396
  35288.14722571  33359.58696174  32142.84329351  31359.20379425
  31608.63331763  31900.8997145   32332.67870933  32886.50725097
  33550.76191694  34396.41416953  35402.65725418  36502.11982674
  37735.10496628  39075.71649467  40334.53450082  41688.9116457
  42870.21826975  43968.87836887  45011.41541323  45691.10367271
  46333.96453114  46412.03507493  46196.04122308  45877.74706574
  45266.18983436  44626.10986931  44062.59531659  43525.08967265
  42937.32725849  42186.61863315  41437.55398701  40486.84380758
  39464.90186417  38499.05681839  37688.65577264  36915.68881598
  36411.24189744  36053.18288371  35815.3801694   35988.93720603
  35709.60686413  35258.14635818  34901.94792145  34549.21311561
  34401.77440553  34168.44795544  33985.34845752  33780.07457716
  33521.00572806  33295.24459018  32989.34287345  32778.55895308
  32539.21879163  31937.42202291  30345.34005822  28918.39080015
  27278.61489387  25846.45361075  25008.89582039  25611.36048606
  25708.27064978  25307.00990895  24292.61751597  22679.04971429
  20848.12707541  18713.94972366  16658.46314262  14743.70621607
  12974.95268805  11395.5237665   10009.85253331   8805.64943413
   7765.08116931   6870.70551492   6109.19319953   5456.19270359
   4897.1407307    4416.78935866   4003.10911527   3648.19609943
   3340.12411078   3073.95821043   2842.21126523   2639.73198918
   2465.17633596   2310.8472191    2173.83052825   2051.6775035
   1942.32473774   1844.02795503   1755.30834096   1674.90720665
   1601.74902176   1534.91137953   1473.59965275   1417.1252837
   1365.59493036   1318.05634889   1274.10876456   1234.60888559
   1197.49948795   1162.50434309   1129.37532042   1097.88902624
   1067.84289776   1039.05133295   1011.35256       984.57725834
    958.72479484    934.17840442    910.06402746    886.23955453
    862.55079815    838.82535339    814.86323229    790.42308789
    765.20131372    738.7987414     710.6639374     679.98889911
    645.50099438    605.01752254    554.44657129    485.53892999
    381.39374756]
Balmer: [774.68610795 817.09902461 784.01903579 726.00500805 699.21466162
 672.81859329 665.95701725 668.00619931 662.88357013 626.68140189
 593.03064397 555.32374235 518.59098528 484.85386336 450.72910594
 420.88820507 393.53495885 369.06993766 345.99656301 319.82760457
 297.8383039  286.06799265 279.13992177 274.94548521 278.30299537
 280.84685657 283.40868544 285.98382453 288.59054466 291.44469335
 294.94959782 298.65236712 303.00668084 308.04112605 312.8215283
 318.22990062 323.0460139  327.59159152 331.97415803 334.75295485
 337.29507361 336.93823034 335.00674302 332.48954049 328.49384193
 324.27748229 320.49767248 316.8492092  312.86532682 307.85078919
 302.82997253 296.48499113 289.65902251 283.10453052 277.22705524
 271.62182043 267.48050767 264.22993035 261.77913261 261.79478948
 258.6600358  254.02189452 250.10072285 246.35112375 243.94021504
 241.15427675 238.75412162 236.30932406 233.64504028 231.28384974
 228.53155983 226.65410323 224.81237503 221.28327528 213.59291449
 206.62605456 199.19590744 192.88615753 189.57664449 194.91047296
 196.65002816 196.60718201 192.03966238 181.9339148  168.97973503
 153.35289931 137.74074973 122.88435605 108.98759824  96.40867923
  85.275995    75.51753396  67.01618848  59.65061176  53.32527686
  47.86430698  43.15698959  39.08805554  35.56422914  32.52113967
  29.86784865  27.56149524  25.54347158  23.7717155   22.23036786
  20.86274565  19.64433537  18.55445004  17.57559131  16.69291596
  15.89380181  15.1674756   14.50470823  13.89756704  13.33920524
  12.82368007  12.35013714  11.91142039  11.50390932  11.13167871
  10.78150017  10.45093706  10.13780122   9.84012393   9.55612225
   9.28416578   9.02280528   8.77058274   8.52701273   8.29375853
   8.06552867   7.84110777   7.61919153   7.39833717   7.17688825
   6.95286417   6.72379391   6.48644981   6.23639552   5.9671537
   5.6685458    5.32313746   4.89827166   4.32816854   3.47823954]
tiempo_ejecución: 45.268309116363525
