xH2: [0.13734576 0.14113843 0.14713843 0.15036063 0.15257446 0.15453252
 0.15643856 0.15824579 0.15983091 0.16118223]
nH2: [6.19958757e+18 6.01223838e+18 5.01125112e+18 3.91894409e+18
 2.80336545e+18 1.64023482e+18 7.88756398e+17 3.86680066e+17
 1.97214348e+17 1.01910320e+17]
GammaxH2: [1.53593836e+22 1.47555956e+22 1.13918020e+22 7.16195445e+21
 6.79806423e+21 6.05260845e+21 2.94784374e+21 1.47165258e+21
 7.73133773e+20 4.19940823e+20]
TH2: [0.         0.         0.         0.         0.         0.
 0.         0.         0.         1.48814874]
qxH2_total: [1130.13910377 1093.05680022  884.97181869  608.95359487  535.26444528
  353.13724455  209.08882874  139.88399516  107.04776024  274.16759961]
nHP: [3.82895072e+17 4.62674853e+17 5.51401919e+17 7.47007243e+17
 6.38598196e+17 4.09974075e+17 1.97296693e+17 9.70880642e+16
 5.15156705e+16 2.84358991e+16]
THP: [ 9.25226988  9.2707799  10.69760417 14.87400746 17.2827258  18.04208151
 18.05338288 18.11024197 18.72788268 19.84921129]
SH: [9.43146195e+21 4.00824778e+22 1.66214332e+23 3.24476940e+23
 3.22857391e+23 2.20455596e+23 1.08890911e+23 5.62639182e+22
 3.24768160e+22 1.94160505e+22]
SP: [3.86322663e+22 1.63431113e+23 7.59046311e+23 1.91501390e+24
 2.13597080e+24 1.50458663e+24 7.43516848e+23 3.85078165e+23
 2.27900613e+23 1.42251363e+23]
xH: [0.13734576 0.13761744 0.13801744 0.13841744 0.13881744 0.13921744
 0.13961744 0.14001744 0.14041744 0.14081744 0.14121744 0.14161744
 0.14201744 0.14241744 0.14281744 0.14321744 0.14361744 0.14401744
 0.14441744 0.14481744 0.14521744 0.14561744 0.14601744 0.14641744
 0.14681744 0.14721744 0.14761744 0.14801744 0.14841744 0.14881744
 0.14921744 0.14961744 0.15001744 0.15041744 0.15081744 0.15121744
 0.15161744 0.15201744 0.15241744 0.15281744 0.15321744 0.15361744
 0.15401744 0.15441744 0.15481744 0.15521744 0.15561744 0.15601744
 0.15641744 0.15681744 0.15721744 0.15761744 0.15801744 0.15841744
 0.15881744 0.15921744 0.15961744 0.16001744 0.16041744 0.16081744
 0.16121744 0.16161744 0.16201744 0.16241744 0.16281744 0.16321744
 0.16361744 0.16401744 0.16441744 0.16481744 0.16521744 0.16561744
 0.16601744 0.16641744 0.16681744 0.16721744 0.16761744 0.16801744
 0.16841744 0.16881744 0.16921744 0.16961744 0.17001744 0.17041744
 0.17081744 0.17121744 0.17161744 0.17201744 0.17241744 0.17281744
 0.17321744 0.17361744 0.17401744 0.17441744 0.17481744 0.17521744
 0.17561744 0.17601744 0.17641744 0.17681744 0.17721744 0.17761744
 0.17801744 0.17841744 0.17881744 0.17921744 0.17961744 0.18001744
 0.18041744 0.18081744 0.18121744 0.18161744 0.18201744 0.18241744
 0.18281744 0.18321744 0.18361744 0.18401744 0.18441744 0.18481744
 0.18521744 0.18561744 0.18601744 0.18641744 0.18681744 0.18721744
 0.18761744 0.18801744 0.18841744 0.18881744 0.18921744 0.18961744
 0.19001744 0.19041744 0.19081744 0.19121744 0.19161744 0.19201744
 0.19241744 0.19281744 0.19321744 0.19361744 0.19401744 0.19441744
 0.19481744]
nH: [2.70342186e+17 2.70627086e+17 2.71185032e+17 2.71897246e+17
 2.72713263e+17 2.73591708e+17 2.74507246e+17 2.75425684e+17
 2.76346659e+17 2.77313621e+17 2.78361100e+17 2.79498090e+17
 2.80734011e+17 2.82070347e+17 2.83510879e+17 2.85056048e+17
 2.86701462e+17 2.88442004e+17 2.90278075e+17 2.92227931e+17
 2.94301206e+17 2.96502379e+17 2.98836753e+17 3.01303538e+17
 3.03915682e+17 3.06673355e+17 3.09543962e+17 3.12480644e+17
 3.15438398e+17 3.18374493e+17 3.21228963e+17 3.23921989e+17
 3.26358861e+17 3.28437146e+17 3.30129458e+17 3.31435784e+17
 3.32312875e+17 3.32726609e+17 3.32656517e+17 3.32110947e+17
 3.31141987e+17 3.29846163e+17 3.28352242e+17 3.26818413e+17
 3.25202216e+17 3.23319811e+17 3.21149965e+17 3.18754468e+17
 3.16194039e+17 3.13519580e+17 3.10764519e+17 3.07946637e+17
 3.05083479e+17 3.02191344e+17 2.99278240e+17 2.96351782e+17
 2.93413786e+17 2.90470730e+17 2.87541077e+17 2.84646790e+17
 2.78095396e+17 2.67858019e+17 2.57624320e+17 2.47432701e+17
 2.37330156e+17 2.27359389e+17 2.17564125e+17 2.07985083e+17
 1.98644553e+17 1.89551275e+17 1.80704660e+17 1.72078614e+17
 1.63635374e+17 1.55230024e+17 1.46648629e+17 1.37753326e+17
 1.28458181e+17 1.18725748e+17 1.08785774e+17 9.90532272e+16
 8.97410107e+16 8.07760716e+16 7.19851296e+16 6.35085682e+16
 5.56806582e+16 4.86770871e+16 4.25454311e+16 3.72651347e+16
 3.27577953e+16 2.89098148e+16 2.56212367e+16 2.28054431e+16
 2.03891245e+16 1.83113167e+16 1.65211046e+16 1.49753048e+16
 1.36371852e+16 1.24757452e+16 1.14649712e+16 1.05829768e+16
 9.81120901e+15 9.13388583e+15 8.53765484e+15 8.01124009e+15
 7.54512688e+15 7.13112661e+15 6.76206173e+15 6.43176362e+15
 6.13497918e+15 5.86722216e+15 5.62464951e+15 5.40395876e+15
 5.20230257e+15 5.01721703e+15 4.84656072e+15 4.68847549e+15
 4.54135902e+15 4.40383228e+15 4.27469879e+15 4.15296784e+15
 4.03778324e+15 3.92833093e+15 3.82387057e+15 3.72373523e+15
 3.62732016e+15 3.53407130e+15 3.44347388e+15 3.35504254e+15
 3.26831774e+15 3.18289707e+15 3.09839220e+15 3.01436624e+15
 2.93033886e+15 2.84576770e+15 2.76001719e+15 2.67231237e+15
 2.58166881e+15 2.48678078e+15 2.38583053e+15 2.27613725e+15
 2.15345584e+15 2.01047617e+15 1.83346143e+15 1.59470816e+15
 1.23757070e+15]
GammaxH: [-3.29579500e+21 -3.29040846e+21 -3.28049403e+21 -3.26820377e+21
 -3.25347311e+21 -3.23624981e+21 -3.21650239e+21 -3.19418731e+21
 -3.16930545e+21 -3.14191705e+21 -3.11166288e+21 -3.07649020e+21
 -3.03475763e+21 -2.98647566e+21 -2.93165959e+21 -2.87032196e+21
 -2.80247029e+21 -2.72811247e+21 -2.64726857e+21 -2.55999433e+21
 -2.46633685e+21 -2.36638837e+21 -2.26027481e+21 -2.14812138e+21
 -2.03015490e+21 -1.90571107e+21 -1.77045494e+21 -1.62092839e+21
 -1.45731576e+21 -1.27989312e+21 -1.08892789e+21 -8.84651154e+20
 -6.67277442e+20 -4.38067721e+20 -2.05036899e+20  2.49433297e+19
  2.52001711e+20  4.76333301e+20  6.98126147e+20  9.12702142e+20
  1.11208713e+21  1.29347445e+21  1.45731351e+21  1.60385437e+21
  1.73266140e+21  1.84294860e+21  1.93456354e+21  2.00759109e+21
  2.06205033e+21  2.10237161e+21  2.13322792e+21  2.15473890e+21
  2.16674893e+21  2.17003539e+21  2.16656904e+21  2.15740110e+21
  2.14219940e+21  2.12101382e+21  2.09443826e+21  2.06266190e+21
  2.01823399e+21  1.96338631e+21  1.90773074e+21  1.85144273e+21
  1.79476608e+21  1.73793984e+21  1.68122828e+21  1.62489514e+21
  1.56910230e+21  1.51393429e+21  1.45941786e+21  1.40539836e+21
  1.35162780e+21  1.29716899e+21  1.24061184e+21  1.18098794e+21
  1.11764622e+21  1.05026346e+21  9.80111565e+20  9.09602456e+20
  8.40034675e+20  7.71011731e+20  7.01572660e+20  6.32957303e+20
  5.67821568e+20  5.07795821e+20  4.53611661e+20  4.05424069e+20
  3.62964855e+20  3.25722098e+20  2.93163568e+20  2.64750671e+20
  2.39979932e+20  2.18409185e+20  1.99650061e+20  1.83354552e+20
  1.69210525e+20  1.56942487e+20  1.46309488e+20  1.37100258e+20
  1.29129434e+20  1.22234622e+20  1.16273098e+20  1.11118653e+20
  1.06658497e+20  1.02794830e+20  9.94466465e+19  9.65457951e+19
  9.40339096e+19  9.18610161e+19  8.99843533e+19  8.83673708e+19
  8.69788793e+19  8.57923315e+19  8.47852154e+19  8.39378267e+19
  8.32319526e+19  8.26504333e+19  8.21776937e+19  8.17966121e+19
  8.14930934e+19  8.12604401e+19  8.10943090e+19  8.09915425e+19
  8.09500504e+19  8.09687016e+19  8.10472313e+19  8.11860189e+19
  8.13854110e+19  8.16429047e+19  8.19573744e+19  8.23323560e+19
  8.27725425e+19  8.32836289e+19  8.38725240e+19  8.45476535e+19
  8.53194071e+19  8.62008079e+19  8.72085525e+19  8.83647159e+19
  8.96997503e+19  9.12581905e+19  9.31103385e+19  9.53773546e+19
  9.82840118e+19]
TH: [  9.59261227   9.59467738   9.59856979   9.6034671    9.60948164
   9.61669391   9.6251293    9.63484703   9.64578669   9.65771673
   9.67065259   9.68559854   9.70322586   9.72325048   9.74534923
   9.76918738   9.79443195   9.8207387    9.84771964   9.87486768
   9.9017069    9.92771515   9.95234229   9.97510711   9.99540209
  10.01304078  10.02910809  10.04409519  10.05719321  10.06751602
  10.07429043  10.07687015  10.07465937  10.06678284  10.05035237
  10.02326611   9.98548937   9.93668908   9.87614317   9.80333335
   9.71841732   9.62160369   9.51245377   9.38972103   9.25755252
   9.1238027    8.99213297   8.86394268   8.74050594   8.62151443
   8.50609993   8.39432911   8.28635429   8.18206998   8.08072276
   7.98180149   7.88517622   7.79057139   7.69753174   7.60564457
   7.60097488   7.69179002   7.7970081    7.91757215   8.05428659
   8.20793147   8.37916879   8.56858119   8.77702059   9.00566239
   9.25606858   9.53092349   9.83406439  10.17498033  10.56999438
  11.03799136  11.60203889  12.29042244  13.11948817  14.08801662
  15.2061507   16.52033252  18.1144488   20.04243181  22.30027343
  24.87777309  27.76204488  30.93209645  34.37226764  38.08292367
  42.05762396  46.28529631  50.75025237  55.43043212  60.29719073
  65.31737266  70.45497103  75.67151001  80.92629794  86.1776616
  91.38482777  96.50926581 101.51494846 106.36894562 111.04235806
 115.51257534 119.76413968 123.78634017 127.57218722 131.11823271
 134.42421851 137.49266133 140.32841808 142.93824772 145.33034224
 147.51378697 149.49821871 151.29377052 152.91086536 154.3601923
 155.65346372 156.80275622 157.81925377 158.71345501 159.49534584
 160.17448102 160.76005708 161.26096478 161.68582784 162.04394717
 162.3460343  162.60381049 162.8305474  163.04253918 163.26095761
 163.51464885 163.84467528 164.31212143 165.01246073 166.10426489
 167.87198024 170.87604216 176.34281308 187.25118112 211.27040282]
qxH_total: [-35427.95709887 -35417.72652442 -35400.09858354 -35379.01151019
 -35353.27109136 -35321.97284318 -35284.61263528 -35240.52639825
 -35189.72347531 -35133.07006929 -35070.09928177 -34995.14398533
 -34903.58349121 -34795.22619474 -34669.90759522 -34527.40734509
 -34367.42679783 -34189.65638529 -33993.83874418 -33779.85580475
 -33547.4148473  -33296.36043586 -33026.68775674 -32738.34916682
 -32431.71403723 -32103.71020053 -31736.4885556  -31314.46382364
 -30835.50920764 -30297.67967979 -29699.0118377  -29037.36017656
 -28310.45117851 -27520.06212611 -26693.91333895 -25856.63534049
 -25007.55812655 -24145.82695077 -23270.55830936 -22403.10921687
 -21579.85143061 -20814.62350624 -20106.62843954 -19455.58486361
 -18865.64993307 -18342.39918685 -17887.11952125 -17499.69142246
 -17179.80041047 -16909.37798379 -16669.43240848 -16458.24899597
 -16274.91801411 -16114.73259712 -15967.65147811 -15827.74956268
 -15694.4104591  -15565.20286051 -15435.92357433 -15304.33925138
 -15201.54856099 -15121.69211818 -15027.91643674 -14921.10193492
 -14802.54671976 -14673.47698516 -14535.36239705 -14389.79248343
 -14237.76365373 -14079.77961576 -13915.9988206  -13745.60527498
 -13567.08447709 -13368.0552012  -13124.98568298 -12812.22911572
 -12398.22568258 -11843.06723943 -11155.4134572  -10399.83437892
  -9616.14393811  -8773.92897153  -7791.12940798  -6657.13429816
  -5442.71015328  -4213.08316639  -3018.77309541  -1905.81853273
   -889.93177997     45.85919012    914.14026091   1722.60484465
   2476.46785952   3180.32186736   3838.21199412   4453.69342441
   5029.86109915   5569.41075469   6074.60680136   6547.32102569
   6989.28985671   7402.20544543   7787.45996027   8146.04523918
   8478.48095236   8785.63409904   9069.3164629    9331.55528333
   9574.24102937   9799.14353598  10007.92539077  10202.1530235
  10383.30685003  10552.79069905  10711.94127707  10861.92718864
  11003.63119727  11137.66443345  11264.51200953  11384.12072797
  11496.6184411   11602.9713488   11704.24140839  11801.44225392
  11895.54729121  11987.49473388  12078.19123134  12168.49460634
  12259.13206752  12350.32367729  12442.37196558  12536.1080532
  12632.3978927   12732.11098574  12836.13036828  12945.36354561
  13060.75579704  13183.30723364  13314.09550276  13454.30795453
  13605.29069781  13768.63119244  13946.33110464  14141.3276504
  14359.78536429]
NetHSource: [4.74281716e+22 5.35589840e+22 6.26126429e+22 7.13985764e+22
 7.89880363e+22 8.65694345e+22 9.34228918e+22 9.99713535e+22
 1.06845318e+23 1.14837191e+23 1.24960632e+23 1.43753174e+23
 1.62703964e+23 1.81797103e+23 2.01172972e+23 2.20620196e+23
 2.40227230e+23 2.59921647e+23 2.80040948e+23 3.01041032e+23
 3.22263696e+23 3.44116255e+23 3.66267662e+23 3.89005722e+23
 4.12698289e+23 4.41205639e+23 4.88026722e+23 5.35131379e+23
 5.82947161e+23 6.31781536e+23 6.81065201e+23 7.31009094e+23
 7.81227298e+23 8.25691551e+23 8.35875702e+23 8.45879541e+23
 8.54485727e+23 8.62483964e+23 8.69107582e+23 8.49129262e+23
 8.12768606e+23 7.74276187e+23 7.35022230e+23 6.94798830e+23
 6.51106965e+23 6.04573016e+23 5.57290880e+23 5.09395531e+23
 4.61542073e+23 4.36137575e+23 4.12160857e+23 3.89277747e+23
 3.66803678e+23 3.50235752e+23 3.41044487e+23 3.32508761e+23
 3.25421395e+23 3.20986688e+23 3.19536680e+23 3.18655500e+23
 2.76682779e+23 2.76729158e+23 2.76227439e+23 2.74678206e+23
 2.72199941e+23 2.68888134e+23 2.64573238e+23 2.59518975e+23
 2.54292836e+23 2.48941554e+23 2.43842475e+23 2.39835388e+23
 2.36707752e+23 2.40747467e+23 2.50063408e+23 2.63396619e+23
 2.80255201e+23 2.99702052e+23 3.06387581e+23 3.02558097e+23
 2.97405009e+23 3.01175387e+23 3.13194103e+23 3.12553801e+23
 3.02328143e+23 2.86084355e+23 2.66837166e+23 2.44987121e+23
 2.25553666e+23 2.08338179e+23 1.93133820e+23 1.79716126e+23
 1.67859587e+23 1.57315944e+23 1.47924107e+23 1.39572370e+23
 1.32150174e+23 1.25529702e+23 1.19586511e+23 1.14225768e+23
 1.09387287e+23 1.05006270e+23 1.01001151e+23 9.73075749e+22
 9.38501744e+22 9.06785403e+22 8.77985865e+22 8.51746017e+22
 8.27755563e+22 8.05744906e+22 7.85478418e+22 7.66749777e+22
 7.49377644e+22 7.33201941e+22 7.18080468e+22 7.03749707e+22
 6.89943340e+22 6.76440633e+22 6.63180834e+22 6.49454264e+22
 6.36142574e+22 6.23374843e+22 6.11088040e+22 5.99224009e+22
 5.87728802e+22 5.76549520e+22 5.65634237e+22 5.54903955e+22
 5.44198995e+22 5.32976918e+22 5.21839270e+22 5.10793604e+22
 4.99789310e+22 4.88769096e+22 4.77665951e+22 4.66398331e+22
 4.54863255e+22 4.42924802e+22 4.30395079e+22 4.16998357e+22
 4.02301019e+22 3.85560092e+22 3.65383423e+22 3.38954043e+22
 3.00406562e+22]
Sion: [1.04491174e+21 1.43070841e+21 2.00122884e+21 2.50929697e+21
 2.75289505e+21 2.99357104e+21 3.07432493e+21 3.08841789e+21
 3.17384125e+21 3.50300180e+21 3.85007256e+21 4.27612636e+21
 4.73466152e+21 5.22211678e+21 5.76898557e+21 6.32944340e+21
 6.92269400e+21 7.53298297e+21 8.24376266e+21 9.16997307e+21
 1.01533702e+22 1.15668825e+22 1.32039544e+22 1.52675078e+22
 1.80712555e+22 2.12806974e+22 2.49056231e+22 2.88815072e+22
 3.34551647e+22 3.88518894e+22 4.47933181e+22 5.13751060e+22
 5.84268637e+22 6.56693772e+22 7.29274121e+22 8.03217590e+22
 8.69106676e+22 9.32961216e+22 9.89142314e+22 1.03580283e+23
 1.07779356e+23 1.10229289e+23 1.12124015e+23 1.13287250e+23
 1.13759989e+23 1.13830996e+23 1.13602184e+23 1.13225075e+23
 1.12907892e+23 1.12689834e+23 1.12560857e+23 1.13056776e+23
 1.13788997e+23 1.15316149e+23 1.17576094e+23 1.20369449e+23
 1.24384692e+23 1.29015963e+23 1.34396412e+23 1.40412727e+23
 1.44941168e+23 1.47537051e+23 1.49864671e+23 1.51534006e+23
 1.52563474e+23 1.52964142e+23 1.52582820e+23 1.51568964e+23
 1.50328786e+23 1.48880268e+23 1.47522915e+23 1.46950652e+23
 1.46995985e+23 1.51954071e+23 1.60554996e+23 1.71898070e+23
 1.85540358e+23 2.00644889e+23 2.07523448e+23 2.07333601e+23
 2.05856438e+23 2.09512696e+23 2.17434820e+23 2.15576319e+23
 2.06483681e+23 1.93009584e+23 1.77508640e+23 1.60691219e+23
 1.45441553e+23 1.31752179e+23 1.19588155e+23 1.08849483e+23
 9.93736874e+22 9.09832328e+22 8.35557812e+22 7.69983375e+22
 7.12170108e+22 6.61093993e+22 6.15827425e+22 5.75604859e+22
 5.39853139e+22 5.08014706e+22 4.79509474e+22 4.53863614e+22
 4.30603352e+22 4.09707475e+22 3.91007286e+22 3.74213732e+22
 3.59077760e+22 3.45384481e+22 3.32947830e+22 3.21606371e+22
 3.11219622e+22 3.01664909e+22 2.92834588e+22 2.84593971e+22
 2.76816953e+22 2.69399014e+22 2.62288236e+22 2.55253468e+22
 2.48523847e+22 2.42110313e+22 2.35971167e+22 2.30068671e+22
 2.24368459e+22 2.18838240e+22 2.13447401e+22 2.08159055e+22
 2.02915685e+22 1.97559845e+22 1.92243336e+22 1.86954416e+22
 1.81664207e+22 1.76339951e+22 1.70943130e+22 1.65426590e+22
 1.59730290e+22 1.53774409e+22 1.47447630e+22 1.40585555e+22
 1.32927654e+22 1.24024926e+22 1.13033347e+22 9.82506386e+21
 7.61971144e+21]
QH_total: [ 114778.57547454  127769.97654851  147460.87064324  167438.02025834
  186210.60229588  205071.96399807  222935.46467937  240358.47735327
  258264.66592444  277926.50831247  303604.97141806  353578.56896392
  404629.20050902  456778.77518428  510414.3323646   565096.26751625
  621090.49420308  678245.99760316  737629.44218336  800991.07512503
  866493.49775289  934496.73750203 1004397.15435266 1076789.86446274
 1152345.86736961 1246693.01479879 1414951.54022071 1590246.40383607
 1774133.1221744  1967789.09946955 2169051.34507733 2379339.25998196
 2597138.70556935 2800233.13374016 2879029.10756145 2957923.11605384
 3032598.96605771 3106127.8302588  3175755.72170384 3128381.40297224
 3005847.67079756 2874990.45437857 2740356.61190489 2600437.70977127
 2436117.01551899 2260493.05809582 2082122.8254257  1902498.62767837
 1724506.80406603 1636654.02467108 1555446.17909419 1482069.79355334
 1412221.11765874 1369099.13497529 1358454.36010451 1352001.08883355
 1353644.63326035 1368409.64049518 1396687.08987859 1427664.5839974
 1302928.49330345 1361797.91617696 1419495.57130041 1471481.43116922
 1518211.34993556 1560030.73034324 1594433.58777703 1623076.16883613
 1650662.83911033 1677641.66454461 1707447.98112919 1748492.89583412
 1800483.85420682 1955675.14207438 2210464.77344988 2572263.69554355
 3064961.34464694 3711268.15033276 4147162.63197183 4359592.68123477
 4546022.20181142 5006072.87103593 5802501.23049847 6349715.03703122
 6645067.79535747 6729483.41570051 6658574.4216056  6402385.68124819
 6187494.8254732  6007188.90264665 5849463.73703131 5704561.92588225
 5570843.50018503 5445459.85054168 5327105.38977449 5215243.81672258
 5109358.6602316  5008171.51257379 4909866.4934681  4813375.97972831
 4719128.70614178 4626842.97242369 4534682.11957161 4441400.04065893
 4344526.59658256 4249824.51817724 4160037.58812726 4074805.3060772
 3993798.15777481 3916720.83370066 3843302.81129167 3773297.44651151
 3706479.42183623 3642642.31746032 3581596.8211754  3522171.88770355
 3463070.15194351 3403231.05055415 3342686.26316445 3276645.22760824
 3211857.27370814 3149601.98870461 3089738.17138586 3032134.58118905
 2976668.79495601 2923210.12684278 2871624.41715427 2821573.72542662
 2772122.62810651 2719487.8306607  2668277.49420756 2618792.15460715
 2570946.9421686  2524661.77940713 2479861.00084757 2436471.80657995
 2394425.1607622  2353654.10706546 2314093.49876543 2275677.04592079
 2238337.59222808 2201998.94123996 2166567.55977333 2131908.8527589
 2097808.87662843]
SideWallH: [0. 0. 0. 0. 0. 0. 0. 0. 0. 0. 0. 0. 0. 0. 0. 0. 0. 0. 0. 0. 0. 0. 0. 0.
 0. 0. 0. 0. 0. 0. 0. 0. 0. 0. 0. 0. 0. 0. 0. 0. 0. 0. 0. 0. 0. 0. 0. 0.
 0. 0. 0. 0. 0. 0. 0. 0. 0. 0. 0. 0. 0. 0. 0. 0. 0. 0. 0. 0. 0. 0. 0. 0.
 0. 0. 0. 0. 0. 0. 0. 0. 0. 0. 0. 0. 0. 0. 0. 0. 0. 0. 0. 0. 0. 0. 0. 0.
 0. 0. 0. 0. 0. 0. 0. 0. 0. 0. 0. 0. 0. 0. 0. 0. 0. 0. 0. 0. 0. 0. 0. 0.
 0. 0. 0. 0. 0. 0. 0. 0. 0. 0. 0. 0. 0. 0. 0. 0. 0. 0. 0. 0. 0. 0. 0. 0.
 0.]
Lyman: [170060.08500988 176397.88659816 161749.36570278 143641.5635324
 135603.66216613 128157.57254341 126278.77667141 126578.42313497
 124606.46852853 115495.84252892 106929.03207061  97614.83467959
  89013.0000075   81232.10044043  73826.86077493  67479.23504239
  61824.46280118  56936.17962542  52260.3884176   47443.06485422
  43380.82942547  41099.19618563  39545.23896333  38768.10885342
  38913.96711733  39285.16402836  39833.00223959  40511.07158091
  41336.39718324  42356.07136107  43570.27947717  44875.0524922
  46335.4504412   47844.14044794  49328.60639955  50856.91605245
  52135.29946742  53340.93844752  54328.85271928  55045.04306608
  55612.4515106   55496.88330689  55171.3298754   54655.23930054
  53975.96044315  53196.29777997  52500.88751675  51814.89789749
  51031.8553387   50149.9066447   49205.2626568   48042.44276529
  46815.14668652  45674.98780464  44648.05711729  43735.33626989
  43105.6785479   42643.24384621  42465.06514313  42534.78439162
  42249.11310012  41683.00736606  41242.46100005  40916.98552256
  40652.3784451   40403.15602815  40167.47410494  39918.96137815
  39649.56881322  39344.84895481  39021.53998576  38730.94293918
  38444.23807308  37381.08380259  35812.39803177  34005.14460937
  32159.68542414  30467.38579013  30047.86266594  30199.89175706
  30291.65711917  29764.43650589  28548.19302581  26743.02759719
  24469.54336623  21976.07410106  19483.82154645  17198.31291788
  15089.56900287  13206.26055104  11555.44773019  10121.40448353
   8883.8192238    7823.3640286    6918.01888243   6145.00128429
   5483.52868067   4916.81694362   4430.81983584   4013.35961125
   3653.48250912   3342.27247199   3072.81156108   2839.12578772
   2636.5638115    2459.0281397    2302.12535074   2162.9036114
   2038.87727512   1927.94652954   1828.33288927   1738.52441001
   1657.23138805   1583.34963098   1515.93018931   1454.33359415
   1398.03940637   1346.5691549    1299.33854509   1256.62301963
   1216.90482677   1179.62731545   1144.49909916   1111.25955913
   1079.6740029    1049.53160443   1020.63990906    992.84774763
    966.09198546    940.68698955    915.85878322    891.40297924
    867.15532594    842.93462032    818.53308166    793.70254558
    768.13322268    741.42026441    713.00679187    682.07919108
    647.35814444    606.65204716    555.85522992    486.69650401
    382.24657751]
Balmer: [946.11044183 997.86831296 957.78361176 887.8735619  854.54114892
 822.45063639 814.7696618  816.93732403 808.72495662 766.84005662
 725.95359659 679.67528085 635.27506879 593.64511408 552.578064
 516.20604275 482.78109579 453.04814262 423.86540789 392.97406372
 366.11584512 352.40190367 343.39870703 339.79819738 342.59819303
 345.83006592 349.11094983 352.26085299 355.418613   358.85897412
 362.96515574 367.12000462 372.02865271 377.26638254 382.53099308
 388.18122024 392.8954309  397.3620319  400.91048025 403.22179202
 404.80428438 402.95175617 400.02601795 396.21586142 391.62849887
 386.47644017 381.79167145 377.12378922 371.82382576 365.88756159
 359.53846556 351.75363377 343.52863064 335.65478225 328.33595244
 321.65048593 316.53015335 312.43600681 310.08462954 309.31237223
 305.85439861 300.17771734 295.42437916 291.525737   288.1452999
 285.00151941 282.05425654 279.13052271 276.20299021 273.18106196
 270.19983656 267.68430319 265.4773776  259.76379316 251.90954128
 243.21371311 234.64718147 227.11566469 226.78767882 229.55258967
 231.98087828 230.94656819 225.34718428 213.92673009 197.97935033
 179.63904651 160.77703713 143.04382766 126.45933642 111.4719248
  98.20478183  86.58102707  76.46713142  67.72925666  60.21085236
  53.74522781  48.17698147  43.37786838  39.23863615  35.66352209
  32.56593657  29.87429602  27.53185179  25.48944656  23.70792941
  22.13962999  20.74915983  19.51154402  18.40567046  17.41364526
  16.52026584  15.712573    14.97948571  14.31149653  13.70041967
  13.14029212  12.62613212  12.15342999  11.71722641  11.31793723
  10.9453584   10.59523164  10.26498986   9.95233848   9.65521336
   9.37175657   9.10027148   8.83934056   8.58807348   8.34770971
   8.11345934   7.88372508   7.6571151    7.43211026   7.2069867
   6.97970495   6.74774075   6.50781789   6.25545369   5.9841234
   5.68359318   5.33635543   4.90964164   4.33749543   3.48510064]
tiempo_ejecución: 389.9204454421997
