xH2: [0.13734576 0.14116785 0.14716785 0.1503753  0.15258385 0.15453908
 0.15644612 0.15825566 0.15983939 0.16118969]
nH2: [6.34500872e+18 6.15995813e+18 5.06801494e+18 3.56147349e+18
 2.10340789e+18 1.06705140e+18 5.14084649e+17 2.52592914e+17
 1.29357163e+17 6.71123392e+16]
GammaxH2: [1.48328805e+22 1.44693919e+22 1.26780448e+22 1.10824939e+22
 7.75780516e+21 3.95532280e+21 1.93143903e+21 9.68068074e+20
 5.11697731e+20 2.79647920e+20]
TH2: [0.         0.         0.         0.         0.         0.
 0.         0.         0.         1.39370626]
qxH2_total: [1108.15500446 1079.50228209  920.98918428  692.32793055  405.70619681
  231.29571462  136.76317593   91.17749545   69.4478927   172.35363885]
nHP: [3.91876483e+17 4.74342124e+17 5.60830476e+17 6.80810358e+17
 4.99533024e+17 2.66908406e+17 1.28591288e+17 6.33769532e+16
 3.38016259e+16 1.87306176e+16]
THP: [ 9.25226988  9.27082749 10.72938083 14.90366647 17.30315911 18.05338288
 18.05338288 18.09966341 18.73330686 19.85338227]
SH: [9.65269184e+21 4.13603613e+22 1.69740010e+23 2.96183471e+23
 2.52782626e+23 1.43610032e+23 7.09371016e+22 3.67124775e+22
 2.13203565e+22 1.27958394e+22]
SP: [3.95384474e+22 1.68639529e+23 7.76975680e+23 1.75068864e+24
 1.67204263e+24 9.80582095e+23 4.84364852e+23 2.51155772e+23
 1.49644257e+23 9.37630567e+22]
xH: [0.13734576 0.13761753 0.13801753 0.13841753 0.13881753 0.13921753
 0.13961753 0.14001753 0.14041753 0.14081753 0.14121753 0.14161753
 0.14201753 0.14241753 0.14281753 0.14321753 0.14361753 0.14401753
 0.14441753 0.14481753 0.14521753 0.14561753 0.14601753 0.14641753
 0.14681753 0.14721753 0.14761753 0.14801753 0.14841753 0.14881753
 0.14921753 0.14961753 0.15001753 0.15041753 0.15081753 0.15121753
 0.15161753 0.15201753 0.15241753 0.15281753 0.15321753 0.15361753
 0.15401753 0.15441753 0.15481753 0.15521753 0.15561753 0.15601753
 0.15641753 0.15681753 0.15721753 0.15761753 0.15801753 0.15841753
 0.15881753 0.15921753 0.15961753 0.16001753 0.16041753 0.16081753
 0.16121753 0.16161753 0.16201753 0.16241753 0.16281753 0.16321753
 0.16361753 0.16401753 0.16441753 0.16481753 0.16521753 0.16561753
 0.16601753 0.16641753 0.16681753 0.16721753 0.16761753 0.16801753
 0.16841753 0.16881753 0.16921753 0.16961753 0.17001753 0.17041753
 0.17081753 0.17121753 0.17161753 0.17201753 0.17241753 0.17281753
 0.17321753 0.17361753 0.17401753 0.17441753 0.17481753 0.17521753
 0.17561753 0.17601753 0.17641753 0.17681753 0.17721753 0.17761753
 0.17801753 0.17841753 0.17881753 0.17921753 0.17961753 0.18001753
 0.18041753 0.18081753 0.18121753 0.18161753 0.18201753 0.18241753
 0.18281753 0.18321753 0.18361753 0.18401753 0.18441753 0.18481753
 0.18521753 0.18561753 0.18601753 0.18641753 0.18681753 0.18721753
 0.18761753 0.18801753 0.18841753 0.18881753 0.18921753 0.18961753
 0.19001753 0.19041753 0.19081753 0.19121753 0.19161753 0.19201753
 0.19241753 0.19281753 0.19321753 0.19361753 0.19401753 0.19441753
 0.19481753]
nH: [2.35416144e+17 2.35690859e+17 2.36161564e+17 2.36760282e+17
 2.37444518e+17 2.38179269e+17 2.38944192e+17 2.39710386e+17
 2.40475135e+17 2.41276155e+17 2.42143468e+17 2.43082613e+17
 2.44101623e+17 2.45200731e+17 2.46382457e+17 2.47646788e+17
 2.48988171e+17 2.50401224e+17 2.51882173e+17 2.53446282e+17
 2.55101582e+17 2.56845225e+17 2.58678978e+17 2.60595558e+17
 2.62602215e+17 2.64698862e+17 2.66869518e+17 2.69094147e+17
 2.71341101e+17 2.73587427e+17 2.75800092e+17 2.77928647e+17
 2.79918703e+17 2.81705036e+17 2.83208926e+17 2.84378619e+17
 2.85201241e+17 2.85677696e+17 2.85827375e+17 2.85627269e+17
 2.85009835e+17 2.83973010e+17 2.82573984e+17 2.80867210e+17
 2.78915671e+17 2.76776135e+17 2.74488593e+17 2.72092701e+17
 2.69625882e+17 2.67118406e+17 2.64590880e+17 2.62052688e+17
 2.59510689e+17 2.56976998e+17 2.54449564e+17 2.51928861e+17
 2.49417556e+17 2.46915356e+17 2.44439799e+17 2.42004871e+17
 2.36495581e+17 2.27882787e+17 2.19266230e+17 2.10675287e+17
 2.02153974e+17 1.93739962e+17 1.85468550e+17 1.77377405e+17
 1.69484709e+17 1.61796723e+17 1.54319319e+17 1.47024759e+17
 1.39874130e+17 1.32817234e+17 1.25602494e+17 1.18082325e+17
 1.10218202e+17 1.01940140e+17 9.34313640e+16 8.50997928e+16
 7.72320951e+16 6.96498156e+16 6.21477804e+16 5.48798697e+16
 4.81700911e+16 4.21872519e+16 3.69491685e+16 3.24508856e+16
 2.86103125e+16 2.53319486e+16 2.25312688e+16 2.01332724e+16
 1.80754289e+16 1.63054084e+16 1.47799817e+16 1.34624224e+16
 1.23211830e+16 1.13298740e+16 1.04661790e+16 9.71154004e+15
 9.05018649e+15 8.46867554e+15 7.95572685e+15 7.50163964e+15
 7.09842883e+15 6.73924708e+15 6.41796129e+15 6.12936206e+15
 5.86901534e+15 5.63313569e+15 5.41848108e+15 5.22226568e+15
 5.04208719e+15 4.87586590e+15 4.72179305e+15 4.57828517e+15
 4.44399459e+15 4.31776559e+15 4.19856665e+15 4.08557947e+15
 3.97810451e+15 3.87544828e+15 3.77698325e+15 3.68214098e+15
 3.59040257e+15 3.50128868e+15 3.41435011e+15 3.32915648e+15
 3.24529487e+15 3.16240957e+15 3.08015299e+15 2.99812052e+15
 2.91586180e+15 2.83286098e+15 2.74850594e+15 2.66204262e+15
 2.57250547e+15 2.47860613e+15 2.37854362e+15 2.26965439e+15
 2.14771340e+15 2.00543723e+15 1.82912972e+15 1.59115214e+15
 1.23494495e+15]
GammaxH: [-2.87939808e+21 -2.87382940e+21 -2.86356787e+21 -2.85083462e+21
 -2.83557293e+21 -2.81773679e+21 -2.79730009e+21 -2.77422456e+21
 -2.74850781e+21 -2.72020494e+21 -2.68910108e+21 -2.65311229e+21
 -2.61042036e+21 -2.56103359e+21 -2.50496526e+21 -2.44222676e+21
 -2.37282307e+21 -2.29676079e+21 -2.21405190e+21 -2.12474811e+21
 -2.02889369e+21 -1.92655753e+21 -1.81785201e+21 -1.70286989e+21
 -1.58181837e+21 -1.45454773e+21 -1.31828877e+21 -1.17064251e+21
 -1.01174589e+21 -8.41850185e+20 -6.61201198e+20 -4.69972113e+20
 -2.68350829e+20 -5.74690994e+19  1.53201466e+20  3.55193367e+20
  5.48586869e+20  7.33560807e+20  9.10219581e+20  1.07549844e+21
  1.22389421e+21  1.35330232e+21  1.46415892e+21  1.55668112e+21
  1.63313414e+21  1.69659264e+21  1.74797407e+21  1.78734151e+21
  1.81471386e+21  1.83289823e+21  1.84492881e+21  1.85092282e+21
  1.85072773e+21  1.84483885e+21  1.83442529e+21  1.82011864e+21
  1.80169426e+21  1.77905899e+21  1.75260378e+21  1.72235871e+21
  1.68337371e+21  1.63728809e+21  1.59051159e+21  1.54318280e+21
  1.49552551e+21  1.44774272e+21  1.40005134e+21  1.35268874e+21
  1.30579071e+21  1.25941658e+21  1.21363070e+21  1.16826429e+21
  1.12305677e+21  1.07770282e+21  1.03059036e+21  9.80734980e+20
  9.27841259e+20  8.71434993e+20  8.12639823e+20  7.53656735e+20
  6.96108098e+20  6.39044696e+20  5.81351932e+20  5.24397447e+20
  4.70550937e+20  4.21211835e+20  3.76812864e+20  3.37469158e+20
  3.02840438e+20  2.72535657e+20  2.46139124e+20  2.23176275e+20
  2.03225499e+20  1.85913079e+20  1.70916779e+20  1.57947995e+20
  1.46742928e+20  1.37071454e+20  1.28733078e+20  1.21551214e+20
  1.15371919e+20  1.10060033e+20  1.05496274e+20  1.01578217e+20
  9.82101730e+19  9.53094741e+19  9.28120131e+19  9.06631930e+19
  8.88164850e+19  8.72322640e+19  8.58768281e+19  8.47215694e+19
  8.37422682e+19  8.29184964e+19  8.22331203e+19  8.16718859e+19
  8.12199992e+19  8.08634267e+19  8.05913526e+19  8.03881727e+19
  8.02414730e+19  8.01479349e+19  8.01052772e+19  8.01121548e+19
  8.01680718e+19  8.02733136e+19  8.04288390e+19  8.06362878e+19
  8.08971053e+19  8.12091301e+19  8.15718498e+19  8.19897824e+19
  8.24682199e+19  8.30133867e+19  8.36326582e+19  8.43348712e+19
  8.51307764e+19  8.60337134e+19  8.70606515e+19  8.82338964e+19
  8.95840838e+19  9.11558744e+19  9.30196129e+19  9.52963716e+19
  9.82106502e+19]
TH: [ 10.00244919  10.00516102  10.01037033  10.01697356  10.02503337
  10.03458798  10.04562811  10.05817596  10.07216537  10.08737394
  10.10375199  10.12245372  10.14432587  10.16901658  10.19612634
  10.22523382  10.25591863  10.28774036  10.32023065  10.35277129
  10.38476508  10.41561154  10.44463996  10.47129402  10.49483501
  10.51470404  10.53089061  10.54284812  10.54941757  10.54918385
  10.54072501  10.522682    10.49351834  10.45164958  10.39652833
  10.32884134  10.24892893  10.15678493  10.05178681   9.93596862
   9.81432327   9.69035888   9.5659452    9.44256105   9.32126421
   9.20264296   9.08737436   8.97639386   8.87052758   8.76933822
   8.67201219   8.5785234    8.48887328   8.40299301   8.32018659
   8.23993648   8.16217398   8.08662943   8.01291002   7.94059576
   7.95874431   8.07660524   8.21039137   8.36119283   8.52982084
   8.71711782   8.92385356   9.15060701   9.39837132   9.66855936
   9.96273568  10.2842191   10.63780837  11.03037067  11.48407405
  12.02261493  12.6701883   13.46261191  14.42050018  15.53674828
  16.80564942  18.29468287  20.11318318  22.31821718  24.89373153
  27.81498044  31.07150288  34.62425089  38.46047599  42.57368673
  46.94797617  51.56496357  56.40036752  61.42425965  66.59909825
  71.88342407  77.23558369  82.61217635  87.97030196  93.26672806
  98.46130712 103.51821819 108.40507049 113.09533299 117.56537289
 121.79863806 125.78730688 129.52702045 133.01682394 136.25880659
 139.25764704 142.02014499 144.55477335 146.87126159 148.98019314
 150.89248401 152.61894755 154.1707082  155.55881096 156.79395038
 157.88789388 158.85247148 159.69822869 160.43499737 161.07205531
 161.6182234  162.08197194 162.47145853 162.7945313  163.05985217
 163.27758533 163.45881041 163.61618198 163.76545511 163.92732453
 164.13022182 164.41486153 164.84205437 165.50708799 166.5684637
 168.3107351  171.29478805 176.74827021 187.65377266 211.69169885]
qxH_total: [-34137.97059135 -34127.92112995 -34108.69445583 -34085.53318861
 -34057.3259137  -34023.23296672 -33982.8148639  -33935.46190686
 -33881.13387315 -33820.65592366 -33753.94088458 -33675.17124267
 -33579.20459051 -33465.82018892 -33334.82424648 -33185.97835299
 -33018.95080317 -32833.41159664 -32629.03889054 -32405.65006741
 -32162.90129579 -31900.51246216 -31618.41706571 -31316.42465985
 -30994.8163282  -30652.29743858 -30275.62013057 -29852.29128749
 -29380.49535528 -28858.56135419 -28284.80374458 -27657.31922574
 -26974.11754058 -26236.81598833 -25478.63529757 -24730.40187047
 -23992.29101525 -23264.2789346  -22546.41243974 -21853.9649906
 -21213.20096529 -20634.87174265 -20118.64824511 -19664.77280389
 -19266.51924122 -18913.73196966 -18603.36729122 -18335.57393115
 -18110.33136365 -17915.87662669 -17739.66657897 -17580.12213839
 -17436.12828447 -17304.58584405 -17178.44897517 -17053.23424426
 -16928.28665542 -16801.62349171 -16670.284852   -16532.65683555
 -16409.05026732 -16295.78238436 -16168.96143121 -16029.03703719
 -15877.8025241  -15716.80349699 -15547.30057288 -15371.21014838
 -15189.30538226 -15002.11969994 -14810.12350072 -14612.05182782
 -14405.96120237 -14185.87985429 -13920.87205607 -13582.74829993
 -13141.8753639  -12552.90431876 -11808.23404194 -10995.15612283
 -10189.56988213  -9325.64605784  -8305.75512988  -7113.46949077
  -5841.42265201  -4565.22658648  -3326.5565037   -2182.56202051
  -1140.12388783   -180.34837536    711.29392795   1540.90023003
   2313.87221695   3035.01814522   3708.50435913   4338.10428371
   4926.98307296   5477.85905163   5993.44045944   6475.49016483
   6925.85508926   7346.30953666   7738.11021151   8102.90088656
   8440.90240127   8752.69702693   9040.51341079   9306.43146863
   9552.38933246   9780.1994321    9991.56234062  10188.07880082
  10371.25994872  10542.53672175  10703.26968529  10854.75964542
  10997.80052759  11132.94574364  11260.92773576  11381.51887237
  11494.7388606   11601.72040833  11703.53534716  11801.2064432
  11895.71532944  11988.00943406  12079.00017169  12169.57471233
  12260.48486301  12351.88880012  12444.07627532  12537.92385639
  12634.30061509  12734.07898083  12838.14465692  12947.40742432
  13062.8146224   13185.36823609  13316.147488    13456.3411558
  13607.29658027  13770.60230565  13948.2610315   14143.21076187
  14361.61674517]
NetHSource: [4.61130450e+22 5.02418042e+22 5.91390169e+22 6.78156175e+22
 7.54176632e+22 8.30244843e+22 9.00099936e+22 9.66984326e+22
 1.03625389e+23 1.11648298e+23 1.20992414e+23 1.39814257e+23
 1.58798492e+23 1.77869043e+23 1.97232346e+23 2.16631839e+23
 2.36162261e+23 2.55777214e+23 2.75641216e+23 2.96493689e+23
 3.17422042e+23 3.38856755e+23 3.60604147e+23 3.82677573e+23
 4.05832880e+23 4.30960160e+23 4.68942771e+23 5.07179513e+23
 5.45823289e+23 5.85712067e+23 6.25803835e+23 6.66445076e+23
 7.07415085e+23 7.43420763e+23 7.36944790e+23 7.30434450e+23
 7.22808971e+23 7.14553300e+23 7.05743392e+23 6.78030116e+23
 6.37896641e+23 5.96208814e+23 5.53508492e+23 5.11135196e+23
 4.76193032e+23 4.45315853e+23 4.13746369e+23 3.81993087e+23
 3.50323839e+23 3.33343420e+23 3.17431333e+23 3.02566215e+23
 2.88161249e+23 2.77110990e+23 2.72213294e+23 2.67258284e+23
 2.63770966e+23 2.62131015e+23 2.62188792e+23 2.63407969e+23
 2.36544553e+23 2.36784500e+23 2.36553117e+23 2.35636077e+23
 2.33474288e+23 2.30946468e+23 2.27327368e+23 2.23136879e+23
 2.18800830e+23 2.14403153e+23 2.09868048e+23 2.06924193e+23
 2.04440861e+23 2.04560832e+23 2.16772541e+23 2.26715977e+23
 2.43900167e+23 2.61676985e+23 2.71927457e+23 2.65078353e+23
 2.57082112e+23 2.65415907e+23 2.77097612e+23 2.80636361e+23
 2.69170372e+23 2.57131236e+23 2.39252821e+23 2.20474760e+23
 2.03808551e+23 1.89029206e+23 1.76015568e+23 1.64520623e+23
 1.54372046e+23 1.45380647e+23 1.37296624e+23 1.30152915e+23
 1.23771357e+23 1.18086377e+23 1.13002579e+23 1.08349429e+23
 1.04192887e+23 1.00364595e+23 9.68771989e+22 9.36845774e+22
 9.05924809e+22 8.77834342e+22 8.52239983e+22 8.28836360e+22
 8.07358145e+22 7.87574755e+22 7.69284623e+22 7.52311164e+22
 7.36498999e+22 7.21710562e+22 7.07823790e+22 6.94729003e+22
 6.81767795e+22 6.69186246e+22 6.56860871e+22 6.43641892e+22
 6.30956347e+22 6.18745081e+22 6.06953109e+22 5.95529382e+22
 5.84426205e+22 5.73598498e+22 5.62992475e+22 5.52571843e+22
 5.42135721e+22 5.31083179e+22 5.20144293e+22 5.09275903e+22
 4.98429754e+22 4.87550792e+22 4.76573855e+22 4.65419146e+22
 4.53985264e+22 4.42137760e+22 4.29690116e+22 4.16368237e+22
 4.01740216e+22 3.85065692e+22 3.64956399e+22 3.38601678e+22
 3.00144759e+22]
Sion: [9.09917523e+20 1.24613247e+21 1.74289031e+21 2.18821524e+21
 2.39715924e+21 2.60614589e+21 2.67934169e+21 2.68793321e+21
 2.74864246e+21 3.04735459e+21 3.34920921e+21 3.71632502e+21
 4.11693872e+21 4.53449472e+21 5.01359289e+21 5.49891447e+21
 6.01094938e+21 6.53962563e+21 7.12622416e+21 7.95321396e+21
 8.80117950e+21 9.99565200e+21 1.14299427e+22 1.31103339e+22
 1.56152466e+22 1.83686613e+22 2.14647596e+22 2.48722483e+22
 2.86755234e+22 3.33875494e+22 3.84597480e+22 4.40648520e+22
 5.01142702e+22 5.64079660e+22 6.25638574e+22 6.89330454e+22
 7.46669224e+22 8.01049724e+22 8.52964294e+22 8.90836746e+22
 9.27925109e+22 9.50266661e+22 9.64923616e+22 9.76119913e+22
 9.75685039e+22 9.74499461e+22 9.71104404e+22 9.66503975e+22
 9.62146375e+22 9.60118066e+22 9.57887313e+22 9.61592873e+22
 9.67917910e+22 9.77143555e+22 9.99652348e+22 1.02200960e+23
 1.05650124e+23 1.09671572e+23 1.13940484e+23 1.19379602e+23
 1.23215340e+23 1.25502274e+23 1.27552748e+23 1.29123124e+23
 1.29952568e+23 1.30422555e+23 1.30092809e+23 1.29264826e+23
 1.28218083e+23 1.27082001e+23 1.25703876e+23 1.25539409e+23
 1.25652439e+23 1.27417334e+23 1.37517304e+23 1.45890134e+23
 1.59090385e+23 1.72283638e+23 1.80210547e+23 1.78130281e+23
 1.74264153e+23 1.80591876e+23 1.87727095e+23 1.88114389e+23
 1.78635067e+23 1.68091275e+23 1.54161125e+23 1.39932726e+23
 1.27092129e+23 1.15447273e+23 1.05170873e+23 9.60958221e+22
 8.80976171e+22 8.10385238e+22 7.47503251e+22 6.92262658e+22
 6.43447280e+22 6.00376006e+22 5.62295153e+22 5.28209213e+22
 4.98079664e+22 4.71017694e+22 4.46831554e+22 4.25140174e+22
 4.05110782e+22 3.87193262e+22 3.71110689e+22 3.56619889e+22
 3.43511495e+22 3.31605018e+22 3.20744234e+22 3.10793647e+22
 3.01635384e+22 2.93166399e+22 2.85296319e+22 2.77945222e+22
 2.70882384e+22 2.64146615e+22 2.57672524e+22 2.51111666e+22
 2.44850729e+22 2.38851136e+22 2.33077822e+22 2.27498862e+22
 2.22084965e+22 2.16808917e+22 2.11642176e+22 2.06561654e+22
 2.01500562e+22 1.96288179e+22 1.91111643e+22 1.85946823e+22
 1.80766690e+22 1.75540159e+22 1.70230154e+22 1.64790833e+22
 1.59163328e+22 1.53268901e+22 1.46997267e+22 1.40185125e+22
 1.32573163e+22 1.23714055e+22 1.12766277e+22 9.80315329e+21
 7.60354368e+21]
QH_total: [ 110959.43772595  123204.86868837  143259.3991116   163627.57868591
  182796.25910406  202069.75423711  220397.97641424  238247.62712021
  256491.93990827  276645.96125189  300656.86061085  351379.28681135
  403244.78322354  456135.3525556   510640.16931791  566145.49024326
  622952.95807073  680972.25132024  740804.42822521  805394.15041647
  871734.19475428  940514.18767394 1011299.63198829 1084193.1693779
 1160869.0564012  1246894.21235485 1392157.85114154 1543360.34198828
 1701149.01092816 1869177.48398856 2042883.48821082 2224320.57976195
 2412410.5595237  2587487.83976982 2607967.65889365 2627076.13160228
 2640411.43808669 2650080.1492309  2656318.8252639  2575723.82960122
 2438249.68874328 2293148.83416296 2143219.90432928 1991193.0806409
 1864615.57664654 1752890.88530897 1638415.7799723  1522894.75822595
 1408376.57802463 1354362.44907313 1304764.8421931  1263631.14805638
 1226741.90838342 1205218.4830774  1213761.17557711 1222736.19576359
 1241162.77066221 1269774.02714519 1306666.55246439 1349398.75402733
 1288765.5099579  1347631.28441662 1405406.05290393 1460881.62874179
 1504680.39449796 1548443.96203126 1581960.23886357 1610564.79488852
 1638822.95371496 1665848.36663525 1692762.11633281 1737136.88625956
 1789595.30441479 1888110.99154654 2199530.73127513 2523549.36556196
 3050341.43692466 3699336.16023221 4268752.22015308 4347789.79518571
 4426555.67370994 4992235.1751299  5791374.19550336 6471931.3269969
 6634663.36806836 6791078.73868497 6649709.32778686 6394442.10028481
 6172584.27362593 6000829.29433205 5843941.02164863 5699461.87055775
 5566276.94185219 5442455.05710564 5323424.49410409 5212815.07074758
 5106389.55315905 5005498.66303227 4909290.5870322  4811208.24923022
 4719039.68534848 4625079.76357517 4533181.77641239 4442980.57295195
 4343226.57319282 4248649.12526934 4158974.09688418 4073841.78330667
 3992924.32168099 3915926.38761421 3842579.17766542 3772638.12241426
 3705878.10788289 3642092.14375701 3581092.4556547  3522705.32706674
 3462643.69371485 3403156.03018531 3343752.76993319 3276308.42454763
 3211546.14879328 3149313.76265781 3089470.41172904 3031884.96642577
 2976435.43448857 2923008.25539607 2871419.75670434 2821615.37153242
 2772330.2403977  2719314.96355598 2668113.93766363 2618637.06476946
 2570799.17176291 2524521.02599123 2479726.5310524  2436342.85334074
 2394301.41488364 2353535.12719436 2313978.46684878 2275565.93677472
 2238229.55066173 2201894.00100252 2166465.6293344  2131809.42125961
 2097712.18265353]
SideWallH: [0. 0. 0. 0. 0. 0. 0. 0. 0. 0. 0. 0. 0. 0. 0. 0. 0. 0. 0. 0. 0. 0. 0. 0.
 0. 0. 0. 0. 0. 0. 0. 0. 0. 0. 0. 0. 0. 0. 0. 0. 0. 0. 0. 0. 0. 0. 0. 0.
 0. 0. 0. 0. 0. 0. 0. 0. 0. 0. 0. 0. 0. 0. 0. 0. 0. 0. 0. 0. 0. 0. 0. 0.
 0. 0. 0. 0. 0. 0. 0. 0. 0. 0. 0. 0. 0. 0. 0. 0. 0. 0. 0. 0. 0. 0. 0. 0.
 0. 0. 0. 0. 0. 0. 0. 0. 0. 0. 0. 0. 0. 0. 0. 0. 0. 0. 0. 0. 0. 0. 0. 0.
 0. 0. 0. 0. 0. 0. 0. 0. 0. 0. 0. 0. 0. 0. 0. 0. 0. 0. 0. 0. 0. 0. 0. 0.
 0.]
Lyman: [148089.68845392 153624.87506472 140855.24175009 124962.07203325
 118056.77205662 111567.87272917 109812.51640632 110164.6384358
 108849.49974998 100499.07815094  93014.71897921  84955.88204474
  77396.17847694  70696.56836447  64157.11773292  58622.39998285
  53703.30694603  49426.38048351  45491.96201442  41146.12889118
  37602.16384668  35537.9524175   34231.2092924   33385.28528972
  33624.55830013  33908.78644463  34335.55416659  34887.07546253
  35550.03763018  36398.66042729  37409.58846811  38510.74142226
  39743.33417094  41080.05183536  42319.12197361  43642.24320941
  44770.39126955  45799.96474388  46763.26794853  47342.35344153
  47877.21154085  47829.32232958  47481.03048894  47034.37909026
  46295.08772835  45536.62046408  44865.74268498  44231.58950665
  43557.62706541  42729.46117352  41912.93634705  40900.89945758
  39823.86605451  38812.0502533   37962.36038274  37157.99923678
  36628.59752851  36251.5436337   35999.25566968  36165.73057645
  35889.15454993  35448.90016895  35105.18823739  34764.33110156
  34630.63177192  34410.43470906  34240.36159764  34048.09448113
  33801.1643393   33587.65018906  33293.00904673  33093.64500516
  32865.71244135  32268.31709768  30677.17136056  29247.77129157
  27603.06498654  26166.95820671  25328.98851316  25954.06029978
  26066.38864729  25672.73168758  24656.3322828   23031.80704343
  21178.86720511  19016.33078249  16930.17240405  14984.93833126
  13186.390265    11579.20479675  10168.42596644   8941.90187686
   7881.73999519   6970.33052596   6194.22044104   5528.68883907
   4958.93297691   4469.45409026   4048.0032586    3686.49563087
   3372.81674913   3101.89529883   2866.11371477   2660.23250834
   2482.754576     2325.96081772   2186.84018423   2062.88909145
   1951.99829836   1852.38428111   1762.53535116   1681.16495832
   1607.17376706   1539.61965294   1477.69088827   1420.68449883
   1368.69507687   1320.76199713   1276.47040858   1236.67869073
   1199.31606207   1164.10092323   1130.78049889   1099.12745209
   1068.93584805   1040.01718633   1012.20728399    985.33467182
    959.39554789    934.77495927    910.59535046    886.71348323
    862.97420647    839.2041895     815.20271277    790.72777912
    765.47517071    739.04514514    710.88575878    680.18837354
    645.67960679    605.17562728    554.58275965    485.64903777
    381.47085415]
Balmer: [823.88066195 869.05153875 834.07127584 772.64932024 743.98509464
 715.99023181 708.73103502 711.00361226 705.66475422 667.24687425
 631.49236195 591.42766179 552.37239701 516.50819763 480.20771571
 448.45836568 419.34895026 393.2982669  368.70410892 340.82461923
 317.35583749 304.73622088 297.26516271 292.69762143 296.04482807
 298.51737088 300.95982073 303.37697357 305.78528152 308.40820385
 311.66835694 315.08491276 319.13060135 323.83954077 328.20948422
 333.13634844 337.35829681 341.22779098 344.88721544 346.84263531
 348.52171311 347.21736279 344.31603591 340.86211245 335.95141218
 330.88544298 326.33223431 321.9857332  317.37888662 311.80636078
 306.29886747 299.51187743 292.28885362 285.39847295 279.23699489
 273.40155152 269.07542043 265.68190348 263.12255919 263.08007311
 259.95938081 255.39539715 251.55555638 247.88345796 245.56072554
 242.85911745 240.54235997 238.18032762 235.59337269 233.31005916
 230.62961535 228.82641422 227.06093532 223.57562932 215.91356878
 208.96332032 201.54342335 195.25453703 191.98202404 197.49636106
 199.36630059 199.41820022 194.88184697 184.72326012 171.62584708
 155.7959374  139.95481777 124.86446323 110.73524302  97.93599995
  86.6019622   76.66276593  68.00136053  60.49549964  54.04893503
  48.48322143  43.68589957  39.53981908  35.95001925  32.85071735
  30.14947443  27.80233182  25.74961156  23.94849219  22.38196731
  20.99303604  19.75642575  18.65098195  17.65881313  16.76473973
  15.95585616  15.22114885  14.55118273  13.93785388  13.37416752
  12.85405567  12.37656142  11.93444837  11.52398728  11.14924634
  10.796893    10.46444342  10.14966892   9.85056635   9.56532336
   9.2922844    9.02997893   8.77693031   8.53262996   8.29874719
   8.06996562   7.84506022   7.62271808   7.40148871   7.17970917
   6.95539315   6.72606456   6.48849083   6.23823112   5.96880286
   5.67002122   5.32444266   4.89939579   4.32907845   3.47887976]
tiempo_ejecución: 42.20464873313904
