xH2: [0.13734576 0.14116628 0.14716628 0.15037488 0.15258346 0.15453866
 0.15644566 0.15825511 0.15983888 0.16118922]
nH2: [6.34519925e+18 6.16027041e+18 5.06874262e+18 3.56205510e+18
 2.10394716e+18 1.06734953e+18 5.14231849e+17 2.52672963e+17
 1.29394281e+17 6.71323221e+16]
GammaxH2: [1.48324144e+22 1.44692437e+22 1.26792734e+22 1.10845088e+22
 7.75969971e+21 3.95638206e+21 1.93197553e+21 9.68367741e+20
 5.11843200e+20 2.79731802e+20]
TH2: [0.         0.         0.         0.         0.         0.
 0.         0.         0.         1.39395689]
qxH2_total: [1108.13693052 1079.50723953  921.0877379   692.43067298  405.80857754
  231.36336068  136.80800872   91.21202702   69.47575126  172.43349097]
nHP: [3.91888250e+17 4.74350247e+17 5.60740832e+17 6.80735489e+17
 4.99651720e+17 2.66982978e+17 1.28628108e+17 6.33984928e+16
 3.38106405e+16 1.87357350e+16]
THP: [ 9.25226988  9.27082496 10.72768212 14.90081326 17.30289838 18.05338288
 18.05338288 18.10001022 18.73298077 19.85294179]
SH: [9.65298170e+21 4.13467850e+22 1.69676387e+23 2.96124424e+23
 2.52838596e+23 1.43649165e+23 7.09568272e+22 3.67251866e+22
 2.13253846e+22 1.27989974e+22]
SP: [3.95396346e+22 1.68584280e+23 7.76586774e+23 1.75008396e+24
 1.67239394e+24 9.80849303e+23 4.84499540e+23 2.51246311e+23
 1.49677610e+23 9.37846598e+22]
xH: [0.13734576 0.13761758 0.13801758 0.13841758 0.13881758 0.13921758
 0.13961758 0.14001758 0.14041758 0.14081758 0.14121758 0.14161758
 0.14201758 0.14241758 0.14281758 0.14321758 0.14361758 0.14401758
 0.14441758 0.14481758 0.14521758 0.14561758 0.14601758 0.14641758
 0.14681758 0.14721758 0.14761758 0.14801758 0.14841758 0.14881758
 0.14921758 0.14961758 0.15001758 0.15041758 0.15081758 0.15121758
 0.15161758 0.15201758 0.15241758 0.15281758 0.15321758 0.15361758
 0.15401758 0.15441758 0.15481758 0.15521758 0.15561758 0.15601758
 0.15641758 0.15681758 0.15721758 0.15761758 0.15801758 0.15841758
 0.15881758 0.15921758 0.15961758 0.16001758 0.16041758 0.16081758
 0.16121758 0.16161758 0.16201758 0.16241758 0.16281758 0.16321758
 0.16361758 0.16401758 0.16441758 0.16481758 0.16521758 0.16561758
 0.16601758 0.16641758 0.16681758 0.16721758 0.16761758 0.16801758
 0.16841758 0.16881758 0.16921758 0.16961758 0.17001758 0.17041758
 0.17081758 0.17121758 0.17161758 0.17201758 0.17241758 0.17281758
 0.17321758 0.17361758 0.17401758 0.17441758 0.17481758 0.17521758
 0.17561758 0.17601758 0.17641758 0.17681758 0.17721758 0.17761758
 0.17801758 0.17841758 0.17881758 0.17921758 0.17961758 0.18001758
 0.18041758 0.18081758 0.18121758 0.18161758 0.18201758 0.18241758
 0.18281758 0.18321758 0.18361758 0.18401758 0.18441758 0.18481758
 0.18521758 0.18561758 0.18601758 0.18641758 0.18681758 0.18721758
 0.18761758 0.18801758 0.18841758 0.18881758 0.18921758 0.18961758
 0.19001758 0.19041758 0.19081758 0.19121758 0.19161758 0.19201758
 0.19241758 0.19281758 0.19321758 0.19361758 0.19401758 0.19441758
 0.19481758]
nH: [2.35413820e+17 2.35688582e+17 2.36159294e+17 2.36757698e+17
 2.37441613e+17 2.38176350e+17 2.38941254e+17 2.39707425e+17
 2.40472949e+17 2.41274747e+17 2.42142043e+17 2.43081167e+17
 2.44100152e+17 2.45199358e+17 2.46381177e+17 2.47645465e+17
 2.48986799e+17 2.50399799e+17 2.51880622e+17 2.53444603e+17
 2.55099845e+17 2.56843433e+17 2.58677136e+17 2.60593542e+17
 2.62600037e+17 2.64696706e+17 2.66867432e+17 2.69092139e+17
 2.71339295e+17 2.73585863e+17 2.75798723e+17 2.77927534e+17
 2.79917919e+17 2.81704584e+17 2.83208902e+17 2.84379214e+17
 2.85202547e+17 2.85679758e+17 2.85830250e+17 2.85630726e+17
 2.85013563e+17 2.83976942e+17 2.82578062e+17 2.80871389e+17
 2.78919907e+17 2.76780382e+17 2.74492810e+17 2.72096862e+17
 2.69629967e+17 2.67122409e+17 2.64594774e+17 2.62056458e+17
 2.59514346e+17 2.56980695e+17 2.54453273e+17 2.51932392e+17
 2.49420898e+17 2.46918500e+17 2.44442447e+17 2.42007051e+17
 2.36497581e+17 2.27884565e+17 2.19267792e+17 2.10677013e+17
 2.02155861e+17 1.93741635e+17 1.85470022e+17 1.77378689e+17
 1.69485818e+17 1.61797667e+17 1.54320106e+17 1.47025394e+17
 1.39874616e+17 1.32817345e+17 1.25602223e+17 1.18081904e+17
 1.10217620e+17 1.01939391e+17 9.34304995e+16 8.50988625e+16
 7.72311181e+16 6.96487711e+16 6.21466543e+16 5.48797298e+16
 4.81708270e+16 4.21877348e+16 3.69494688e+16 3.24510636e+16
 2.86104942e+16 2.53321286e+16 2.25313532e+16 2.01332875e+16
 1.80753940e+16 1.63053447e+16 1.47798990e+16 1.34623215e+16
 1.23210705e+16 1.13297548e+16 1.04660586e+16 9.71142119e+15
 9.05006925e+15 8.46856144e+15 7.95561704e+15 7.50153186e+15
 7.09832333e+15 6.73914694e+15 6.41786657e+15 6.12927268e+15
 5.86893114e+15 5.63305645e+15 5.41840654e+15 5.22219556e+15
 5.04202120e+15 4.87580374e+15 4.72173439e+15 4.57822968e+15
 4.44394192e+15 4.31771528e+15 4.19852026e+15 4.08553752e+15
 3.97806549e+15 3.87541183e+15 3.77694911e+15 3.68210895e+15
 3.59037246e+15 3.50126035e+15 3.41432341e+15 3.32913130e+15
 3.24527109e+15 3.16238711e+15 3.08013175e+15 2.99810043e+15
 2.91584279e+15 2.83284298e+15 2.74848889e+15 2.66202649e+15
 2.57249021e+15 2.47859171e+15 2.37853002e+15 2.26964161e+15
 2.14770145e+15 2.00542619e+15 1.82911970e+15 1.59114342e+15
 1.23493807e+15]
GammaxH: [-2.87933876e+21 -2.87376894e+21 -2.86350698e+21 -2.85077293e+21
 -2.83551051e+21 -2.81767412e+21 -2.79723725e+21 -2.77416160e+21
 -2.74844593e+21 -2.72014421e+21 -2.68903216e+21 -2.65302822e+21
 -2.61032381e+21 -2.56092743e+21 -2.50485217e+21 -2.44210921e+21
 -2.37270373e+21 -2.29664232e+21 -2.21393685e+21 -2.12463914e+21
 -2.02879361e+21 -1.92646900e+21 -1.81777772e+21 -1.70281179e+21
 -1.58177915e+21 -1.45451926e+21 -1.31826287e+21 -1.17062319e+21
 -1.01173794e+21 -8.41857727e+20 -6.61227646e+20 -4.70021572e+20
 -2.68427413e+20 -5.75848754e+19  1.53042977e+20  3.55006993e+20
  5.48389303e+20  7.33368726e+20  9.10055910e+20  1.07536779e+21
  1.22378502e+21  1.35321152e+21  1.46408344e+21  1.55661790e+21
  1.63308331e+21  1.69655411e+21  1.74794438e+21  1.78731722e+21
  1.81469139e+21  1.83287882e+21  1.84491443e+21  1.85091188e+21
  1.85071896e+21  1.84483521e+21  1.83442744e+21  1.82012278e+21
  1.80169892e+21  1.77906366e+21  1.75260353e+21  1.72235318e+21
  1.68336763e+21  1.63728133e+21  1.59050416e+21  1.54317619e+21
  1.49551969e+21  1.44773619e+21  1.40004414e+21  1.35268094e+21
  1.30578237e+21  1.25940773e+21  1.21362138e+21  1.16825451e+21
  1.12304653e+21  1.07769064e+21  1.03057620e+21  9.80720325e+20
  9.27826068e+20  8.71419278e+20  8.12623909e+20  7.53640920e+20
  6.96092550e+20  6.39029347e+20  5.81336823e+20  5.24387519e+20
  4.70545155e+20  4.21204618e+20  3.76804614e+20  3.37460200e+20
  3.02833659e+20  2.72531095e+20  2.46134147e+20  2.23171054e+20
  2.03220164e+20  1.85907809e+20  1.70911639e+20  1.57942952e+20
  1.46738024e+20  1.37066720e+20  1.28728519e+20  1.21546841e+20
  1.15367746e+20  1.10056062e+20  1.05492503e+20  1.01574711e+20
  9.82069311e+19  9.53064250e+19  9.28091482e+19  9.06605032e+19
  8.88139614e+19  8.72298975e+19  8.58746104e+19  8.47194928e+19
  8.37403247e+19  8.29166785e+19  8.22314216e+19  8.16703008e+19
  8.12185218e+19  8.08620513e+19  8.05899383e+19  8.03867097e+19
  8.02400862e+19  8.01466185e+19  8.01040267e+19  8.01109662e+19
  8.01669411e+19  8.02722366e+19  8.04278122e+19  8.06353081e+19
  8.08961693e+19  8.12082345e+19  8.15709920e+19  8.19889602e+19
  8.24674310e+19  8.30126286e+19  8.36319288e+19  8.43341688e+19
  8.51300994e+19  8.60330601e+19  8.70600201e+19  8.82332851e+19
  8.95834912e+19  9.11552986e+19  9.30190519e+19  9.52958230e+19
  9.82101102e+19]
TH: [ 10.00205991  10.00477237  10.00998201  10.01658652  10.02464761
  10.03420249  10.04524283  10.05779085  10.07177746  10.08698299
  10.10336621  10.12207714  10.14395632  10.16865135  10.19576336
  10.22487181  10.25555585  10.28737523  10.31986231  10.35239861
  10.38438669  10.41522683  10.4442486   10.4708977   10.49443404
  10.51429908  10.53048277  10.54243614  10.54899912  10.54875862
  10.54029474  10.5222478   10.49308233  10.45121821  10.39610738
  10.32843254  10.24853408  10.1564035   10.05142418   9.93562489
   9.81399186   9.69003838   9.5656345    9.44225932   9.32096996
   9.20235475   9.08709198   8.97611748   8.87025747   8.76907349
   8.67175117   8.57826605   8.48862043   8.40274621   8.319945
   8.23969791   8.16193892   8.08639804   8.01268074   7.94036862
   7.95851865   8.07637874   8.2101639    8.36095788   8.52957772
   8.71687329   8.92360746   9.15035919   9.39812167   9.66830786
   9.96248241  10.28396439  10.6375526   11.03012768  11.48384748
  12.02239203  12.66997175  13.46240479  14.4203003   15.53655256
  16.80545681  18.29449637  20.11299639  22.31770835  24.8928534
  27.81418594  31.07078795  34.62363329  38.45983998  42.5729557
  46.94729155  51.56435887  56.39986312  61.42384838  66.59878469
  71.88324038  77.23553341  82.61225879  87.97050337  93.26704395
  98.46174393 103.51876529 108.4057196  113.09609674 117.56622865
 121.79953797 125.78824284 129.52798172 133.01779998 136.25978784
 139.2586251  142.0211126  144.55572434 146.87219107 148.9810974
 150.89335981 152.61979089 154.17150752 155.55955812 156.79466612
 157.88859027 158.85313856 159.69886529 160.43560399 161.07263286
 161.61877313 162.08249529 162.47195689 162.79500609 163.06030491
 163.27801753 163.45922346 163.61657721 163.76583391 163.92768842
 164.13057224 164.41519983 164.84238198 165.50740651 166.56877514
 168.31104192 171.29509367 176.74858068 187.65409998 211.69207284]
qxH_total: [-34137.12590761 -34127.07451871 -34107.84741426 -34084.67875509
 -34056.46422443 -34022.37136217 -33981.95361305 -33934.6013189
 -33880.2916484  -33819.83252372 -33753.09625636 -33674.28627673
 -33578.28720634 -33464.88077767 -33333.87136287 -33185.01865614
 -33017.99335602 -32832.46572705 -32628.11351889 -32404.75507502
 -32162.04751835 -31899.71035304 -31617.67735215 -31315.75521831
 -30994.22840996 -30651.75542962 -30275.08902682 -29851.79105437
 -29380.04893585 -28858.19266166 -28284.53760898 -27657.18310864
 -26974.14071379 -26237.05939559 -25479.11192309 -24731.04080889
 -23993.01564677 -23265.01162896 -22547.06885882 -21854.52013615
 -21213.67942062 -20635.28216544 -20118.99969948 -19665.07483162
 -19266.77108814 -18913.93445385 -18603.53326345 -18335.71617822
 -18110.46148593 -17915.98863067 -17739.74982336 -17580.18190222
 -17436.17202166 -17304.61573023 -17178.46189939 -17053.23069543
 -16928.27246673 -16801.60002397 -16670.25275038 -16532.6168435
 -16409.00088604 -16295.72346741 -16168.89275557 -16029.00304232
 -15877.80345354 -15716.79482779 -15547.28231608 -15371.18236533
 -15189.26780597 -15002.07224284 -14810.06615011 -14611.984151
 -14405.88279042 -14185.76647735 -13920.71911212 -13582.57447301
 -13141.67431615 -12552.66865723 -11807.97089408 -10994.87384791
 -10189.2670319   -9325.30944864  -8305.36929684  -7113.68885371
  -5842.25832358  -4566.0336647   -3327.34486312  -2183.34113772
  -1140.69833658   -180.71824835    710.93290493   1540.5491944
   2313.53164575   3034.68709137   3708.18290134   4337.79358443
   4926.68294119   5477.5692112    5993.15560894   6475.21003598
   6925.58442013   7346.04790563   7737.85720204   8102.67062714
   8440.69456592   8752.49702045   9040.3211114    9306.24668058
   9552.21188572   9780.02915738   9991.3991422   10187.92261312
  10371.1106211   10542.39410805  10703.13376713  10854.63043234
  10997.67791808  11132.82966075  11260.79834406  11381.37563629
  11494.60084472  11601.5872831   11703.40696348  11801.08269987
  11895.59608161  11987.89444621  12078.8893001   12169.46784067
  12260.38179508  12351.78932449  12443.98026964  12537.83122202
  12634.21122904  12733.99269809  12838.06133181  12947.32698471
  13062.73699386  13185.2933243   13316.07518355  13456.27134952
  13607.22921812  13770.53729899  13948.19830388  14143.15025683
  14361.55834815]
NetHSource: [4.61134508e+22 5.02430209e+22 5.91400136e+22 6.78060947e+22
 7.54180096e+22 8.30246273e+22 9.00098419e+22 9.66980938e+22
 1.03652158e+23 1.11647932e+23 1.21033357e+23 1.39848594e+23
 1.58826174e+23 1.77894944e+23 1.97246776e+23 2.16639588e+23
 2.36163384e+23 2.55771675e+23 2.75626017e+23 2.96474903e+23
 3.17396579e+23 3.38824676e+23 3.60565386e+23 3.82626910e+23
 4.05780809e+23 4.30959241e+23 4.68931299e+23 5.07157843e+23
 5.45798072e+23 5.85670259e+23 6.25751895e+23 6.66383098e+23
 7.07343079e+23 7.43278436e+23 7.36855746e+23 7.30387440e+23
 7.22803922e+23 7.14590438e+23 7.05780726e+23 6.78091294e+23
 6.37950622e+23 5.96254700e+23 5.53546944e+23 5.11165838e+23
 4.76232033e+23 4.45346346e+23 4.13768399e+23 3.82006463e+23
 3.50330049e+23 3.33362950e+23 3.17450107e+23 3.02577873e+23
 2.88168896e+23 2.77109169e+23 2.72224960e+23 2.67266239e+23
 2.63775471e+23 2.62136762e+23 2.62220908e+23 2.63411256e+23
 2.36546986e+23 2.36786767e+23 2.36555233e+23 2.35615909e+23
 2.33476687e+23 2.30948685e+23 2.27329258e+23 2.23138568e+23
 2.18802298e+23 2.14404481e+23 2.09869219e+23 2.06925462e+23
 2.04441928e+23 2.04574777e+23 2.16774293e+23 2.26717322e+23
 2.43902626e+23 2.61678732e+23 2.71926553e+23 2.65077047e+23
 2.57080422e+23 2.65416443e+23 2.77097070e+23 2.80533792e+23
 2.69174932e+23 2.57134713e+23 2.39254412e+23 2.20475788e+23
 2.03807555e+23 1.89030237e+23 1.76016082e+23 1.64520731e+23
 1.54371863e+23 1.45379087e+23 1.37296113e+23 1.30152273e+23
 1.23770617e+23 1.18085572e+23 1.13001063e+23 1.08348594e+23
 1.04192049e+23 1.00363753e+23 9.68763805e+22 9.36855021e+22
 9.05916449e+22 8.77826367e+22 8.52232297e+22 8.28829004e+22
 8.07351111e+22 7.87568069e+22 7.69278272e+22 7.52305166e+22
 7.36493194e+22 7.21705087e+22 7.07818598e+22 6.94724042e+22
 6.81762944e+22 6.69181542e+22 6.56831748e+22 6.43637708e+22
 6.30952360e+22 6.18741380e+22 6.06949607e+22 5.95526132e+22
 5.84423100e+22 5.73595506e+22 5.62989688e+22 5.52569177e+22
 5.42133089e+22 5.31080651e+22 5.20141908e+22 5.09273615e+22
 4.98427582e+22 4.87548688e+22 4.76571848e+22 4.65417245e+22
 4.53983459e+22 4.42136032e+22 4.29688464e+22 4.16366671e+22
 4.01738753e+22 3.85064292e+22 3.64955132e+22 3.38600514e+22
 3.00143775e+22]
Sion: [9.09908540e+20 1.24617512e+21 1.74292836e+21 2.18600766e+21
 2.39715223e+21 2.60613629e+21 2.67930875e+21 2.68790002e+21
 2.75453894e+21 3.04736896e+21 3.34922159e+21 3.71634548e+21
 4.11695675e+21 4.53556399e+21 5.01361772e+21 5.49893328e+21
 6.01097089e+21 6.53964315e+21 7.12551133e+21 7.95324774e+21
 8.80120888e+21 9.99572749e+21 1.14300158e+22 1.31067939e+22
 1.56153962e+22 1.83690847e+22 2.14649352e+22 2.48724320e+22
 2.86794124e+22 3.33878721e+22 3.84601077e+22 4.40652911e+22
 5.01147847e+22 5.63989375e+22 6.25645104e+22 6.89338794e+22
 7.46678425e+22 8.01061498e+22 8.52651141e+22 8.90851850e+22
 9.27941632e+22 9.50281939e+22 9.64939698e+22 9.76135154e+22
 9.75700563e+22 9.74515088e+22 9.71119741e+22 9.66519191e+22
 9.62168929e+22 9.60133231e+22 9.57920794e+22 9.61608485e+22
 9.67933316e+22 9.77036450e+22 9.99670522e+22 1.02202752e+23
 1.05652107e+23 1.09673540e+23 1.13968410e+23 1.19381415e+23
 1.23217115e+23 1.25504017e+23 1.27554424e+23 1.29114994e+23
 1.29954450e+23 1.30424338e+23 1.30094402e+23 1.29266292e+23
 1.28219374e+23 1.27083251e+23 1.25705022e+23 1.25540672e+23
 1.25653570e+23 1.27427459e+23 1.37518940e+23 1.45891486e+23
 1.59092508e+23 1.72285220e+23 1.80210578e+23 1.78129885e+23
 1.74263351e+23 1.80592421e+23 1.87726682e+23 1.88057454e+23
 1.78639282e+23 1.68094484e+23 1.54162968e+23 1.39933988e+23
 1.27086229e+23 1.15448406e+23 1.05171538e+23 9.60961222e+22
 8.80976472e+22 8.10376904e+22 7.47500485e+22 6.92258705e+22
 6.43442460e+22 6.00370607e+22 5.62286812e+22 5.28203463e+22
 4.98073857e+22 4.71011877e+22 4.46825876e+22 4.25140367e+22
 4.05105069e+22 3.87187811e+22 3.71105478e+22 3.56614926e+22
 3.43506782e+22 3.31600558e+22 3.20740015e+22 3.10789668e+22
 3.01631589e+22 2.93162823e+22 2.85292935e+22 2.77942003e+22
 2.70879291e+22 2.64143645e+22 2.57662738e+22 2.51109129e+22
 2.44848348e+22 2.38848924e+22 2.33075744e+22 2.27496926e+22
 2.22083137e+22 2.16807182e+22 2.11640554e+22 2.06560118e+22
 2.01499083e+22 1.96286776e+22 1.91110321e+22 1.85945568e+22
 1.80765504e+22 1.75539029e+22 1.70229084e+22 1.64789823e+22
 1.59162374e+22 1.53267998e+22 1.46996414e+22 1.40184324e+22
 1.32572418e+22 1.23713362e+22 1.12765654e+22 9.80309865e+21
 7.60350084e+21]
QH_total: [ 110956.82668607  123203.71217481  143257.25952463  163610.11129689
  182791.7581529   202064.21317453  220391.22575101  238239.83552998
  256528.1902792   276636.64775342  300762.26355014  351465.25342109
  403310.44720662  456192.17135229  510662.85004984  566145.45289846
  622929.80991619  680925.07648664  740721.86096054  805297.14292926
  871610.94841772  940364.0363416  1011121.70989435 1083974.46983376
 1160633.5994928  1246880.40396217 1392094.00829438 1543242.45390163
 1701001.33111791 1868938.2914044  2042576.47862675 2223941.58388549
 2411954.85583134 2586741.23838196 2607445.32718285 2626743.20716714
 2640270.3854911  2650134.68212582 2656384.77356479 2575905.49665783
 2438411.51967744 2293287.76788768 2143336.58997571 1991285.39473039
 1864736.73100623 1752980.94606474 1638474.55312217 1522922.36023089
 1408385.05119343 1354420.86943398 1304835.22932795 1263664.27321856
 1226761.20463443 1205163.50529459 1213798.02779329 1222757.74112263
 1241170.83601631 1269788.82238177 1306799.37705264 1349407.17667522
 1288773.85280528 1347639.12667026 1405414.29582133 1460564.9658523
 1504686.98184148 1548450.80480525 1581965.32947091 1610569.89573784
 1638828.41690519 1665853.26352467 1692767.36128025 1737144.87546273
 1789603.04953829 1888322.29008411 2199568.6851618  2523588.7077318
 3050415.27276412 3699414.41304784 4268766.15070571 4347803.92156824
 4426569.90454445 4992329.5353467  5791469.67762534 6467685.20417839
 6634691.21715241 6791106.62269619 6649689.44878619 6394425.49893401
 6173436.568622   6000819.76365713 5843932.83090281 5699454.14552799
 5566270.40414768 5442414.4942839  5323419.48162241 5212810.49401159
 5106384.90518739 5005494.02917768 4909243.78851501 4811204.35839405
 4719036.16395859 4625075.67875872 4533178.34212795 4443098.20350677
 4343221.77460212 4248645.12059538 4158969.98896231 4073837.98843011
 3992920.63166933 3915923.09037407 3842576.34444421 3772635.8598348
 3705875.44723746 3642090.05110927 3581090.90266018 3522704.09792728
 3462641.88396039 3403154.17899311 3343569.85966154 3276305.6488692
 3211542.99581717 3149311.23873586 3089468.10209448 3031883.34681484
 2976433.68248417 2923006.29814274 2871418.32256454 2821613.92004307
 2772328.30437971 2719312.91377673 2668112.25360544 2618635.35746986
 2570797.65017392 2524519.30000778 2479724.9216958  2436341.50206482
 2394300.18504856 2353533.95818042 2313977.27643837 2275564.8452953
 2238228.73968905 2201893.01551579 2166465.01490484 2131808.71179288
 2097711.52175027]
SideWallH: [0. 0. 0. 0. 0. 0. 0. 0. 0. 0. 0. 0. 0. 0. 0. 0. 0. 0. 0. 0. 0. 0. 0. 0.
 0. 0. 0. 0. 0. 0. 0. 0. 0. 0. 0. 0. 0. 0. 0. 0. 0. 0. 0. 0. 0. 0. 0. 0.
 0. 0. 0. 0. 0. 0. 0. 0. 0. 0. 0. 0. 0. 0. 0. 0. 0. 0. 0. 0. 0. 0. 0. 0.
 0. 0. 0. 0. 0. 0. 0. 0. 0. 0. 0. 0. 0. 0. 0. 0. 0. 0. 0. 0. 0. 0. 0. 0.
 0. 0. 0. 0. 0. 0. 0. 0. 0. 0. 0. 0. 0. 0. 0. 0. 0. 0. 0. 0. 0. 0. 0. 0.
 0. 0. 0. 0. 0. 0. 0. 0. 0. 0. 0. 0. 0. 0. 0. 0. 0. 0. 0. 0. 0. 0. 0. 0.
 0.]
Lyman: [148088.22645321 153622.85072641 140851.93871734 125040.66592004
 118054.54598516 111565.76901391 109811.16641262 110163.27803183
 108661.09898738 100497.57564145  93013.35458432  84954.43422102
  77394.8955089   70678.27078376  64156.08121182  58621.51994396
  53702.46413065  49425.63076664  45495.14743446  41145.389944
  37601.52222404  35537.51292132  34230.80322969  33379.35225054
  33624.28077441  33908.75890021  34335.30571847  34886.84883965
  35550.15201289  36398.523463    37409.48919494  38510.68539851
  39743.33676198  41075.12242864  42319.23982577  43642.46931994
  44770.69170565  45800.41181842  46755.17730948  47343.00050592
  47877.90726859  47829.9743622   47481.70782156  47035.03142212
  46295.74486146  45537.27607452  44866.4056649   44232.23891902
  43557.79487743  42730.05418866  41912.85409474  40901.41301067
  39824.3591629   38811.45325556  37962.8637214   37158.47382265
  36629.08303928  36252.0096867   36008.29288049  36166.11700017
  35889.51919751  35449.28866721  35105.54479903  34772.54842471
  34631.10187469  34410.86751369  34240.78848225  34048.48366552
  33801.48136489  33587.99069838  33293.31377259  33093.9466847
  32865.9848168   32267.44559361  30677.1379907   29247.72636716
  27602.96637806  26166.86353282  25329.10755806  25954.09182845
  26066.33062966  25672.57969045  24656.06178438  23034.6365835
  21179.2710564   19016.5789804   16930.33381989  14985.02296916
  13186.5261689   11579.27230946  10168.44657771   8941.89072981
   7881.70717037   6970.34023755   6194.17173768   5528.63484379
   4958.87668333   4469.39735355   4047.96535501   3686.44304788
   3372.76641499   3101.84793895   2866.06917185   2660.15722022
   2482.7142952    2325.92312171   2186.80514587   2062.85659118
   1951.96813291   1852.35626193   1762.50934921   1681.14073657
   1607.1513982    1539.59872893   1477.67134896   1420.66623803
   1368.67801424   1320.74586165   1276.48461323   1236.66562076
   1199.30403222   1164.08969235   1130.77006085   1099.11765559
   1068.92670543   1040.00867727   1012.19925112    985.32714659
    959.38857865    934.76841758    910.5891735     886.70767476
    862.96871892    839.19903657    815.19785134    790.72318274
    765.47082714    739.0410595     710.88192004    680.1847716
    645.67623457    605.17253003    554.57993232    485.64658751
    381.46891352]
Balmer: [823.87252828 869.04379769 834.05624558 772.97345881 743.97259896
 715.97814441 708.72232223 710.99483228 704.79905297 667.23860659
 631.48460055 591.41929116 552.36470161 516.40616064 480.20118391
 448.45260792 419.34329434 393.29307984 368.72332409 340.81926157
 317.35103711 304.73293443 297.26200808 292.64833474 296.04244814
 298.5167114  300.95743705 303.37469068 305.7823898  308.40649134
 311.6669258  315.08380306 319.12995581 323.81456906 328.2098113
 333.13749587 337.36013805 341.23068815 344.85264986 346.84711272
 348.52653313 347.22204511 344.3208952  340.86688557 335.95622473
 330.89024767 326.33707915 321.99048412 317.38063849 311.81073365
 306.29884694 299.51570297 292.29253004 285.39815637 279.24069916
 273.40504602 269.07890917 265.68524023 263.17405975 263.08274539
 259.9619015  255.39802725 251.55797046 247.93197092 245.56390295
 242.86204772 240.54522221 238.18293977 235.59552723 233.31233737
 230.63166163 228.82846296 227.06279491 223.5724077  215.91370084
 208.96333224 201.54323087 195.25425765 191.98299178 197.4967031
 199.36598275 199.41743892 194.88007018 184.73933108 171.62926282
 155.79811205 139.95623213 124.86524424 110.73501691  97.93661452
  86.60217813  76.66270632  68.00111026  60.49551953  54.04853463
  48.48277044  43.6854242   39.53933625  35.94966491  32.85026541
  30.14904036  27.80192174  25.74922522  23.94790686  22.38161601
  20.99270727  19.75611977  18.650698    17.65854941  16.76449478
  15.95562893  15.22093734  14.55098715  13.93767113  13.37399708
  12.85389653  12.37641249  11.93430756  11.52403245  11.14913171
  10.79678725  10.4643449   10.14957742   9.85048074   9.56524338
   9.29220985   9.02990874   8.77686453   8.53256886   8.29868975
   8.06991153   7.84500933   7.62267007   7.40144352   7.17966657
   6.95535296   6.72602662   6.48845517   6.23819758   5.96877141
   5.66999189   5.32441563   4.89937122   4.32905708   3.47886271]
tiempo_ejecución: 41.609835386276245
