xH2: [0.13734576 0.14116726 0.14716726 0.15037514 0.15258369 0.15453891
 0.15644593 0.15825547 0.15983921 0.16118952]
nH2: [6.34508470e+18 6.16007994e+18 5.06829244e+18 3.56169637e+18
 2.10361576e+18 1.06716770e+18 5.14142710e+17 2.52622202e+17
 1.29372142e+17 6.71204454e+16]
GammaxH2: [1.48327027e+22 1.44693395e+22 1.26785113e+22 1.10832600e+22
 7.75853162e+21 3.95573412e+21 1.93164951e+21 9.68177121e+20
 5.11755853e+20 2.79681433e+20]
TH2: [0.         0.         0.         0.         0.         0.
 0.         0.         0.         1.39378468]
qxH2_total: [1108.14669184 1079.50289755  921.02520604  692.36589825  405.74460281
  231.32122258  136.78002386   91.18994856   69.45817927  172.38304876]
nHP: [3.91881175e+17 4.74345486e+17 5.60796824e+17 6.80782005e+17
 4.99578682e+17 2.66937498e+17 1.28605812e+17 6.33842590e+16
 3.38052985e+16 1.87327130e+16]
THP: [ 9.25226988  9.27082653 10.72873854 14.90257839 17.30305594 18.05338288
 18.05338288 18.09965326 18.73319175 19.8532222 ]
SH: [9.65280743e+21 4.13552553e+22 1.69716032e+23 2.96161019e+23
 2.52804118e+23 1.43625287e+23 7.09448735e+22 3.67164586e+22
 2.13224402e+22 1.27971485e+22]
SP: [3.95389208e+22 1.68618750e+23 7.76828984e+23 1.75045842e+24
 1.67217731e+24 9.80686262e+23 4.84417919e+23 2.51182902e+23
 1.49658198e+23 9.37720910e+22]
xH: [0.13734576 0.13761748 0.13801748 0.13841748 0.13881748 0.13921748
 0.13961748 0.14001748 0.14041748 0.14081748 0.14121748 0.14161748
 0.14201748 0.14241748 0.14281748 0.14321748 0.14361748 0.14401748
 0.14441748 0.14481748 0.14521748 0.14561748 0.14601748 0.14641748
 0.14681748 0.14721748 0.14761748 0.14801748 0.14841748 0.14881748
 0.14921748 0.14961748 0.15001748 0.15041748 0.15081748 0.15121748
 0.15161748 0.15201748 0.15241748 0.15281748 0.15321748 0.15361748
 0.15401748 0.15441748 0.15481748 0.15521748 0.15561748 0.15601748
 0.15641748 0.15681748 0.15721748 0.15761748 0.15801748 0.15841748
 0.15881748 0.15921748 0.15961748 0.16001748 0.16041748 0.16081748
 0.16121748 0.16161748 0.16201748 0.16241748 0.16281748 0.16321748
 0.16361748 0.16401748 0.16441748 0.16481748 0.16521748 0.16561748
 0.16601748 0.16641748 0.16681748 0.16721748 0.16761748 0.16801748
 0.16841748 0.16881748 0.16921748 0.16961748 0.17001748 0.17041748
 0.17081748 0.17121748 0.17161748 0.17201748 0.17241748 0.17281748
 0.17321748 0.17361748 0.17401748 0.17441748 0.17481748 0.17521748
 0.17561748 0.17601748 0.17641748 0.17681748 0.17721748 0.17761748
 0.17801748 0.17841748 0.17881748 0.17921748 0.17961748 0.18001748
 0.18041748 0.18081748 0.18121748 0.18161748 0.18201748 0.18241748
 0.18281748 0.18321748 0.18361748 0.18401748 0.18441748 0.18481748
 0.18521748 0.18561748 0.18601748 0.18641748 0.18681748 0.18721748
 0.18761748 0.18801748 0.18841748 0.18881748 0.18921748 0.18961748
 0.19001748 0.19041748 0.19081748 0.19121748 0.19161748 0.19201748
 0.19241748 0.19281748 0.19321748 0.19361748 0.19401748 0.19441748
 0.19481748]
nH: [2.35415646e+17 2.35690303e+17 2.36160989e+17 2.36759715e+17
 2.37443964e+17 2.38178703e+17 2.38943618e+17 2.39709807e+17
 2.40474506e+17 2.41275470e+17 2.42142767e+17 2.43081893e+17
 2.44100881e+17 2.45199964e+17 2.46381663e+17 2.47645965e+17
 2.48987318e+17 2.50400341e+17 2.51881184e+17 2.53445183e+17
 2.55100448e+17 2.56844056e+17 2.58677776e+17 2.60594276e+17
 2.62600856e+17 2.64697494e+17 2.66868162e+17 2.69092814e+17
 2.71339805e+17 2.73586185e+17 2.75798930e+17 2.77927597e+17
 2.79917801e+17 2.81704310e+17 2.83208423e+17 2.84378402e+17
 2.85201346e+17 2.85678138e+17 2.85828140e+17 2.85628302e+17
 2.85011078e+17 2.83974429e+17 2.82575546e+17 2.80868888e+17
 2.78917437e+17 2.76777966e+17 2.74490466e+17 2.72094600e+17
 2.69627783e+17 2.67120305e+17 2.64592784e+17 2.62054591e+17
 2.59512587e+17 2.56979051e+17 2.54451757e+17 2.51931014e+17
 2.49419669e+17 2.46917428e+17 2.44441831e+17 2.42006860e+17
 2.36497509e+17 2.27884638e+17 2.19268003e+17 2.10676979e+17
 2.02155582e+17 1.93741485e+17 1.85469987e+17 1.77378754e+17
 1.69485974e+17 1.61797907e+17 1.54320421e+17 1.47025787e+17
 1.39875090e+17 1.32819304e+17 1.25605609e+17 1.18085230e+17
 1.10220902e+17 1.01942628e+17 9.34348608e+16 8.51041594e+16
 7.72359704e+16 6.96532709e+16 6.21508637e+16 5.48816014e+16
 4.81706284e+16 4.21877286e+16 3.69495770e+16 3.24512245e+16
 2.86105940e+16 2.53321810e+16 2.25314575e+16 2.01334251e+16
 1.80755521e+16 1.63055074e+16 1.47800610e+16 1.34624858e+16
 1.23212337e+16 1.13299146e+16 1.04662106e+16 9.71156442e+15
 9.05020596e+15 8.46869127e+15 7.95573982e+15 7.50164837e+15
 7.09843373e+15 6.73925075e+15 6.41796411e+15 6.12936430e+15
 5.86901724e+15 5.63313739e+15 5.41848270e+15 5.22226732e+15
 5.04208890e+15 4.87586774e+15 4.72179503e+15 4.57828731e+15
 4.44399688e+15 4.31776801e+15 4.19856935e+15 4.08558247e+15
 3.97810769e+15 3.87545160e+15 3.77698671e+15 3.68214454e+15
 3.59040621e+15 3.50129240e+15 3.41435388e+15 3.32916030e+15
 3.24529871e+15 3.16241342e+15 3.08015683e+15 2.99812434e+15
 2.91586559e+15 2.83286471e+15 2.74850961e+15 2.66204622e+15
 2.57250898e+15 2.47860953e+15 2.37854690e+15 2.26965754e+15
 2.14771639e+15 2.00544004e+15 1.82913229e+15 1.59115438e+15
 1.23494660e+15]
GammaxH: [-2.87937808e+21 -2.87381049e+21 -2.86354922e+21 -2.85081628e+21
 -2.83555493e+21 -2.81771913e+21 -2.79728280e+21 -2.77420766e+21
 -2.74849126e+21 -2.72018876e+21 -2.68908257e+21 -2.65308917e+21
 -2.61039363e+21 -2.56100426e+21 -2.50493434e+21 -2.44219525e+21
 -2.37279198e+21 -2.29673112e+21 -2.21402452e+21 -2.12472401e+21
 -2.02887401e+21 -1.92654326e+21 -1.81784415e+21 -1.70286914e+21
 -1.58182570e+21 -1.45456052e+21 -1.31830440e+21 -1.17066250e+21
 -1.01177176e+21 -8.41883452e+20 -6.61243396e+20 -4.70024770e+20
 -2.68415475e+20 -5.75491030e+19  1.53106341e+20  3.55089144e+20
  5.48479890e+20  7.33457404e+20  9.10125808e+20  1.07541692e+21
  1.22382408e+21  1.35324232e+21  1.46410780e+21  1.55663765e+21
  1.63309789e+21  1.69656311e+21  1.74794989e+21  1.78732131e+21
  1.81469608e+21  1.83288286e+21  1.84491638e+21  1.85091266e+21
  1.85071915e+21  1.84483412e+21  1.83442447e+21  1.82011902e+21
  1.80169553e+21  1.77906103e+21  1.75260659e+21  1.72236213e+21
  1.68337736e+21  1.63729166e+21  1.59051509e+21  1.54318620e+21
  1.49552880e+21  1.44774589e+21  1.40005436e+21  1.35269161e+21
  1.30579345e+21  1.25941919e+21  1.21363317e+21  1.16826668e+21
  1.12305911e+21  1.07771274e+21  1.03060758e+21  9.80751549e+20
  9.27857258e+20  8.71450458e+20  8.12659088e+20  7.53678625e+20
  6.96127051e+20  6.39061010e+20  5.81365719e+20  5.24404164e+20
  4.70551827e+20  4.21212523e+20  3.76813284e+20  3.37469291e+20
  3.02840389e+20  2.72535452e+20  2.46138724e+20  2.23175721e+20
  2.03224827e+20  1.85912319e+20  1.70915953e+20  1.57947128e+20
  1.46742035e+20  1.37070550e+20  1.28732180e+20  1.21550333e+20
  1.15371056e+20  1.10059191e+20  1.05495459e+20  1.01577483e+20
  9.82095250e+19  9.53088666e+19  9.28114456e+19  9.06626635e+19
  8.88159919e+19  8.72318058e+19  8.58764025e+19  8.47211749e+19
  8.37419026e+19  8.29181580e+19  8.22328081e+19  8.16715984e+19
  8.12197350e+19  8.08631843e+19  8.05911203e+19  8.03879503e+19
  8.02412695e+19  8.01477486e+19  8.01051069e+19  8.01119999e+19
  8.01679315e+19  8.02731864e+19  8.04287233e+19  8.06361826e+19
  8.08970105e+19  8.12090455e+19  8.15717745e+19  8.19897162e+19
  8.24681623e+19  8.30133370e+19  8.36326158e+19  8.43348359e+19
  8.51307480e+19  8.60336913e+19  8.70606355e+19  8.82338863e+19
  8.95840798e+19  9.11558766e+19  9.30196214e+19  9.52963869e+19
  9.82106731e+19]
TH: [ 10.00229543  10.00500674  10.01021594  10.01681896  10.02487853
  10.03443299  10.04547293  10.05802056  10.07200992  10.08721845
  10.10359809  10.12230275  10.14417708  10.16886924  10.19597976
  10.22508735  10.25577169  10.28759242  10.3200818   10.35262121
  10.38461303  10.41545738  10.44448368  10.47113634  10.49467616
  10.51454428  10.5307304   10.54268711  10.54925561  10.54902101
  10.54056158  10.52251861  10.49335602  10.45149044  10.39637448
  10.32869376  10.24878819  10.1566508   10.05165786   9.93584451
   9.81420428   9.69024408   9.56583382   9.44245244   9.32115762
   9.20253776   9.08727027   8.97629075   8.87042501   8.76923589
   8.6719102    8.57842173   8.48877198   8.4028942    8.32009004
   8.23983969   8.162077     8.08653221   8.01281244   7.94049781
   7.95864458   8.07650215   8.21028464   8.36108219   8.52970604
   8.71699854   8.9237295    9.15047787   9.39823656   9.66841842
   9.96258794  10.28406336  10.63764303  11.03012557  11.48373703
  12.02225608  12.66979939  13.46218056  14.41988455  15.53593871
  16.80482828  18.29384006  20.11232009  22.31764155  24.89349677
  27.81467027  31.07114258  34.62385955  38.46005783  42.57324626
  46.94752321  51.56450442  56.39990789  61.42380537  66.59865472
  71.8829953   77.23517321  82.61178762  87.96994214  93.26639799
  98.46100043 103.51793539 108.40481363 113.09511945 117.56519412
 121.79846577 125.78714155 129.52686022 133.01666642 136.25864954
 139.25748848 142.01998314 144.5546066  146.87108875 148.9800132
 150.89229602 152.61875088 154.17050187 155.55859425 156.79372478
 157.88766028 158.85222921 159.69797787 160.4347382  161.0717879
 161.61794794 162.08168894 162.47116857 162.79423481 163.05954942
 163.27727667 163.45849612 163.61586223 163.76513008 163.92699445
 164.12988676 164.41452128 164.84170858 165.50673607 166.56810453
 168.31036657 171.29440609 176.74786721 187.65333349 211.6911913 ]
qxH_total: [-34137.59075585 -34127.54327353 -34108.31704351 -34085.15698549
 -34056.95115771 -34022.85924515 -33982.4423819  -33935.09088064
 -33880.76345351 -33820.28612575 -33753.56494269 -33674.78291229
 -33578.80687514 -33465.41622498 -33334.41729622 -33185.57180624
 -33018.54813839 -32833.01639856 -32628.65409322 -32405.27944046
 -32162.54949311 -31900.18345733 -31618.11492596 -31316.15237315
 -30994.5780968  -30652.08188568 -30275.41637624 -29852.10731748
 -29380.33987654 -28858.44374896 -28284.73409341 -27657.30832127
 -26974.17687324 -26236.96425152 -25478.87181145 -24730.69864792
 -23992.61882514 -23264.60816485 -22546.71331467 -21854.22372905
 -21213.42029966 -20635.05507995 -20118.7991359  -19664.89487766
 -19266.61373738 -18913.80084098 -18603.41559242 -18335.60667294
 -18110.35188582 -17915.88474183 -17739.66256933 -17580.10874586
 -17436.10824311 -17304.56519445 -17178.42763161 -17053.20806904
 -16928.25711408 -16801.59111172 -16670.24967383 -16532.61944283
 -16409.01194459 -16295.74395157 -16168.92270923 -16028.99782524
 -15877.76252004 -15716.76253628 -15547.25831747 -15371.1662431
 -15189.25947393 -15002.07158551 -14810.07316664 -14611.99931348
 -14405.90655743 -14185.94234961 -13921.05612376 -13582.93910973
 -13142.07787219 -12553.12361293 -11809.03272414 -10996.5240574
 -10190.93576794  -9327.02496425  -8307.16335973  -7114.28374396
  -5841.63047136  -4565.44026026  -3326.76655787  -2182.76046561
  -1140.30684256   -180.5177904     711.13160727   1540.74446642
   2313.72247479   3034.87403284   3708.36545846   4337.97017326
   4926.8533036    5477.73332461   5993.32091111   6475.37662631
   6925.74493867   7346.20252658   7738.00621211   8102.81049662
   8440.82564907   8752.62319513   9040.4423856    9306.36293413
   9552.32306723   9780.1352849    9991.50009019  10188.01834527
  10371.20107965  10542.47933701  10703.21376922  10854.70512598
  10997.74734869  11132.89380899  11260.87549193  11381.46641386
  11494.68765835  11601.67031646  11703.48630814  11801.15844457
  11895.66836774  11987.96335355  12078.95481215  12169.53000969
  12260.44084211  12351.84547975  12444.0335931   12537.88179034
  12634.25912879  12734.03801331  12838.10413415  12947.36732741
  13062.77492951  13185.32887602  13316.10841232  13456.30232959
  13607.25798653  13770.563945    13948.22286372  14143.17276907
  14361.57889584]
NetHSource: [4.61132216e+22 5.02407793e+22 5.91379115e+22 6.78153773e+22
 7.54165856e+22 8.30233345e+22 9.00088939e+22 9.66972666e+22
 1.03622597e+23 1.11646807e+23 1.21004767e+23 1.39824042e+23
 1.58805763e+23 1.77873757e+23 1.97234539e+23 2.16631496e+23
 2.36159398e+23 2.55771830e+23 2.75630045e+23 2.96483073e+23
 3.17408893e+23 3.38840988e+23 3.60585837e+23 3.82654623e+23
 4.05809295e+23 4.30953299e+23 4.68931973e+23 5.07164804e+23
 5.45804502e+23 5.85689370e+23 6.25777245e+23 6.66414534e+23
 7.07380697e+23 7.43369615e+23 7.36911809e+23 7.30417495e+23
 7.22808293e+23 7.14568719e+23 7.05776932e+23 6.78059651e+23
 6.37923507e+23 5.96232964e+23 5.53529845e+23 5.11153883e+23
 4.76212820e+23 4.45332356e+23 4.13759714e+23 3.82003063e+23
 3.50332726e+23 3.33353267e+23 3.17439461e+23 3.02572425e+23
 2.88165745e+23 2.77099533e+23 2.72218141e+23 2.67262258e+23
 2.63773770e+23 2.62134040e+23 2.62191239e+23 2.63410026e+23
 2.36545104e+23 2.36785058e+23 2.36553693e+23 2.35636750e+23
 2.33474989e+23 2.30947155e+23 2.27328171e+23 2.23137646e+23
 2.18801491e+23 2.14403834e+23 2.09868687e+23 2.06924477e+23
 2.04441120e+23 2.04495715e+23 2.16774341e+23 2.26718004e+23
 2.43900689e+23 2.61677953e+23 2.71828809e+23 2.65087957e+23
 2.57091196e+23 2.65421797e+23 2.77104136e+23 2.80739221e+23
 2.69170646e+23 2.57131588e+23 2.39254260e+23 2.20475989e+23
 2.03809554e+23 1.89030096e+23 1.76016305e+23 1.64521214e+23
 1.54372528e+23 1.45381054e+23 1.37296950e+23 1.30153158e+23
 1.23771553e+23 1.18086534e+23 1.13003025e+23 1.08349537e+23
 1.04192965e+23 1.00364672e+23 9.68772686e+22 9.36859351e+22
 9.05925254e+22 8.77834698e+22 8.52240359e+22 8.28836555e+22
 8.07358377e+22 7.87574920e+22 7.69284829e+22 7.52311352e+22
 7.36499117e+22 7.21710776e+22 7.07823987e+22 6.94729229e+22
 6.81768154e+22 6.69186577e+22 6.56859329e+22 6.43642480e+22
 6.30956925e+22 6.18745656e+22 6.06953697e+22 5.95530013e+22
 5.84426864e+22 5.73599071e+22 5.62993084e+22 5.52572414e+22
 5.42136400e+22 5.31083850e+22 5.20144945e+22 5.09276555e+22
 4.98430408e+22 4.87551426e+22 4.76574459e+22 4.65419764e+22
 4.53985863e+22 4.42138319e+22 4.29690683e+22 4.16368772e+22
 4.01740747e+22 3.85066214e+22 3.64956885e+22 3.38602154e+22
 3.00145169e+22]
Sion: [9.09915599e+20 1.24606643e+21 1.74282286e+21 2.18835197e+21
 2.39712794e+21 2.60611393e+21 2.67933526e+21 2.68792673e+21
 2.74829727e+21 3.04730888e+21 3.34916233e+21 3.71626491e+21
 4.11687700e+21 4.53442242e+21 5.01351848e+21 5.49883452e+21
 6.01086596e+21 6.53953928e+21 7.12534304e+21 7.95307779e+21
 8.80103726e+21 9.99543773e+21 1.14297103e+22 1.31086303e+22
 1.56148442e+22 1.83682177e+22 2.14642536e+22 2.48716988e+22
 2.86748383e+22 3.33868077e+22 3.84589567e+22 4.40639788e+22
 5.01133601e+22 5.64052479e+22 6.25629795e+22 6.89321995e+22
 7.46662793e+22 8.01044062e+22 8.52975189e+22 8.90835034e+22
 9.27924074e+22 9.50268959e+22 9.64926451e+22 9.76124935e+22
 9.75690396e+22 9.74505069e+22 9.71110517e+22 9.66510217e+22
 9.62164270e+22 9.60124025e+22 9.57893328e+22 9.61597852e+22
 9.67922963e+22 9.77022420e+22 9.99656844e+22 1.02201425e+23
 1.05650370e+23 1.09671840e+23 1.13940592e+23 1.19379729e+23
 1.23215486e+23 1.25502393e+23 1.27552902e+23 1.29123348e+23
 1.29952825e+23 1.30422825e+23 1.30093168e+23 1.29265184e+23
 1.28218324e+23 1.27082330e+23 1.25704197e+23 1.25539458e+23
 1.25652500e+23 1.27371747e+23 1.37518494e+23 1.45891566e+23
 1.59090876e+23 1.72284574e+23 1.80162581e+23 1.78137652e+23
 1.74271300e+23 1.80597069e+23 1.87732980e+23 1.88173492e+23
 1.78635352e+23 1.68091697e+23 1.54162150e+23 1.39933625e+23
 1.27092738e+23 1.15447969e+23 1.05171446e+23 9.60962854e+22
 8.80979901e+22 8.10388329e+22 7.47505663e+22 6.92264450e+22
 6.43448670e+22 6.00377052e+22 5.62297157e+22 5.28209763e+22
 4.98080012e+22 4.71017971e+22 4.46831751e+22 4.25144618e+22
 4.05110707e+22 3.87193145e+22 3.71110579e+22 3.56619731e+22
 3.43511348e+22 3.31604871e+22 3.20744113e+22 3.10793535e+22
 3.01635268e+22 2.93166327e+22 2.85296255e+22 2.77945182e+22
 2.70882405e+22 2.64146642e+22 2.57672029e+22 2.51111801e+22
 2.44850877e+22 2.38851294e+22 2.33077994e+22 2.27499055e+22
 2.22085173e+22 2.16809113e+22 2.11642388e+22 2.06561861e+22
 2.01500802e+22 1.96288423e+22 1.91111883e+22 1.85947064e+22
 1.80766934e+22 1.75540399e+22 1.70230386e+22 1.64791067e+22
 1.59163556e+22 1.53269116e+22 1.46997481e+22 1.40185327e+22
 1.32573357e+22 1.23714240e+22 1.12766445e+22 9.80316812e+21
 7.60355451e+21]
QH_total: [ 110958.43428648  123201.06976374  143255.11812307  163624.13805828
  182791.3469082   202064.43428663  220392.45790778  238241.72353074
  256483.078281    276638.94579058  300688.21840108  351403.01409562
  403260.68432061  456143.00394458  510639.33197995  566135.85850014
  622934.35717001  680944.37135994  740755.42126763  805346.1886944
  871675.984224    940445.30390357 1011219.91549747 1084097.42284724
 1160766.47076106 1246863.95623405 1392107.82545447 1543288.73413809
 1701053.27561931 1869056.63337127 2042735.78046272 2224143.87568795
 2412203.60825843 2587205.27649429 2607763.57490116 2626944.3397717
 2640354.16211155 2650097.59073895 2656421.20341164 2575812.64156239
 2438331.18804237 2293223.28135031 2143286.06062698 1991251.56020529
 1864677.58265512 1752940.62978063 1638453.89270836 1522920.57574355
 1408408.62457159 1354389.02227334 1304785.01649149 1263643.28155412
 1226747.59365923 1205120.74001952 1213767.08624981 1222738.55310025
 1241159.71969141 1269771.97755288 1306661.95709112 1349392.35962967
 1288753.85332093 1347620.04377447 1405394.56436566 1460871.14120529
 1504670.30110021 1548433.75461319 1581951.80795273 1610556.32469098
 1638815.06274237 1665839.95776821 1692753.67152757 1737125.09291649
 1789583.00393112 1887081.35038429 2199484.31830563 2523500.61415598
 3050252.21521181 3699241.10986389 4265107.47595611 4347769.26085408
 4426535.18185401 4992120.56915664 5791257.98426902 6475944.69378608
 6634623.64834734 6791039.07248033 6649724.36894902 6394454.17109712
 6172615.19792527 6000832.14630261 5843943.34474096 5699462.21423214
 5566277.01815025 5442454.73646982 5323423.78749218 5212813.07561704
 5106387.32027    5005496.4236915  4909308.35640071 4811206.69134651
 4719037.36472895 4625078.13326544 4533180.46937456 4443069.89599553
 4343226.30303126 4248648.50805327 4158973.62640093 4073839.77308229
 3992922.80042565 3915923.97023549 3842576.94290927 3772635.59549157
 3705874.85474771 3642089.44588247 3581089.56164801 3522702.47765968
 3462641.34455002 3403153.32267556 3343736.39413844 3276307.27046234
 3211544.61709709 3149312.13212842 3089468.82165079 3031883.64777505
 2976434.25423813 2923006.21424269 2871417.87542935 2821613.20295895
 2772328.8894588  2719313.44771252 2668112.39159771 2618635.54178087
 2570797.65649139 2524519.36253865 2479724.69055374 2436341.2195352
 2394299.65078108 2353533.1539628  2313976.5662563  2275563.92455004
 2238227.63568135 2201892.15476564 2166463.6073743  2131807.58046216
 2097710.09641433]
SideWallH: [0. 0. 0. 0. 0. 0. 0. 0. 0. 0. 0. 0. 0. 0. 0. 0. 0. 0. 0. 0. 0. 0. 0. 0.
 0. 0. 0. 0. 0. 0. 0. 0. 0. 0. 0. 0. 0. 0. 0. 0. 0. 0. 0. 0. 0. 0. 0. 0.
 0. 0. 0. 0. 0. 0. 0. 0. 0. 0. 0. 0. 0. 0. 0. 0. 0. 0. 0. 0. 0. 0. 0. 0.
 0. 0. 0. 0. 0. 0. 0. 0. 0. 0. 0. 0. 0. 0. 0. 0. 0. 0. 0. 0. 0. 0. 0. 0.
 0. 0. 0. 0. 0. 0. 0. 0. 0. 0. 0. 0. 0. 0. 0. 0. 0. 0. 0. 0. 0. 0. 0. 0.
 0. 0. 0. 0. 0. 0. 0. 0. 0. 0. 0. 0. 0. 0. 0. 0. 0. 0. 0. 0. 0. 0. 0. 0.
 0.]
Lyman: [148089.37525798 153625.13534342 140857.14576847 124956.57542264
 118057.3960912  111568.45720739 109812.25280372 110164.37265946
 108859.92459737 100499.84947988  93015.39668944  84956.7180712
  77396.88024714  70697.29784875  64157.71624091  58622.93072892
  53703.75229864  49426.74826696  45496.47067399  41146.47966204
  37602.43387466  35538.00238072  34231.23113843  33383.05615064
  33624.38337537  33908.60717643  34335.34983246  34886.86199079
  35549.81339179  36398.41675139  37409.33020819  38510.49057459
  39743.07457436  41078.87011927  42318.90518211  43642.06392638
  44770.27977566  45799.90802837  46763.67538186  47342.44295513
  47877.33086344  47829.58274287  47481.31528592  47034.71276464
  46295.43380338  45536.97482514  44866.08118173  44231.92981666
  43557.24911156  42729.81726635  41913.2901361   40901.29208656
  39824.24801937  38811.31990812  37962.74953903  37158.37027014
  36628.91133766  36251.84940812  35999.4884097   36165.95385101
  35889.37080768  35449.05179886  35105.34265114  34764.45863625
  34630.74834491  34410.55149018  34240.45417378  34048.18659954
  33801.18030987  33587.72594017  33293.08374568  33093.68622147
  32865.76590229  32273.87301432  30677.89360019  29248.42422657
  27603.68998591  26167.48650561  25342.33994138  25955.03089627
  26067.38277535  25673.73367153  24657.35146061  23029.76731064
  21179.00924814  19016.50825375  16930.33057779  14985.09037635
  13186.53159602  11579.32723636  10168.53022383   8941.98986393
   7881.81347026   6970.39031859   6194.26974486   5528.72992331
   4958.96661632   4469.48190752   4048.01782941   3686.51367294
   3372.83205619   3101.90794347   2866.12457601   2660.21641602
   2482.76084297   2325.96622743   2186.84472977   2062.89323509
   1952.00201765   1852.38763617   1762.53836882   1681.16777829
   1607.17650269   1539.62213496   1477.69331038   1420.6867963
   1368.69705607   1320.76392986   1276.47458383   1236.68035788
   1199.31768599   1164.10252895   1130.78206607   1099.12894632
   1068.93727634   1040.01864154   1012.20865822    985.33604943
    959.39678626    934.77615436    910.59652683    886.71461524
    862.97528664    839.20523473    815.20373327    790.72873827
    765.47608792    739.04603965    710.88658798    680.18916672
    645.68033967    605.1762968     554.58337433    485.64955744
    381.47124123]
Balmer: [823.87891952 869.04872966 834.07732801 772.62584642 743.98726291
 715.99235281 708.72933374 711.00189695 705.71198884 667.25002595
 631.49522288 591.43151047 552.37572845 516.51184656 480.21079121
 448.46117885 419.35136366 393.30029311 368.73197945 340.82664574
 317.35741473 304.7360999  297.26492908 292.67874772 296.04321549
 298.51587087 300.95827849 303.37548197 305.7838851  308.4067703
 311.66690089 315.08359745 319.12928218 323.8336911  328.20848725
 333.13563052 337.35797262 341.22785438 344.88946594 346.84358144
 348.52287123 347.21928986 344.31813423 340.86447128 335.95386384
 330.8879577  326.33465868 321.98817357 317.37687494 311.80889934
 306.30139307 299.51465271 292.29156285 285.39716336 279.23983635
 273.40426545 269.07780588 265.68421301 263.12442654 263.08185227
 259.96108399 255.39668364 251.5568233  247.88453358 245.56170625
 242.86006952 240.54314875 238.18108911 235.59364938 233.31067706
 230.63020638 228.82674045 227.06131206 223.60002397 215.91821113
 208.96757973 201.54735613 195.25796544 192.06710671 197.50357035
 199.37370726 199.42544433 194.8894342  184.71307774 171.62677635
 155.79717993 139.95599419 124.86561399 110.73629503  97.9369574
  86.60278498  76.66346632  68.00195056  60.4959852   54.0493388
  48.48356017  43.68617955  39.54005272  35.95015628  32.85087245
  30.149607    27.80244303  25.74970834  23.9484072   22.3820261
  20.99308754  19.75647009  18.65102221  17.65885006  16.76477313
  15.95588677  15.22117761  14.55121041  13.9378796   13.3741926
  12.85407964  12.37658274  11.93446906  11.52402156  11.14926521
  10.7969112   10.46446132  10.14968641   9.85058322   9.56533962
   9.2923004    9.02999417   8.77694538   8.53264407   8.29876072
   8.06997891   7.84507303   7.62273035   7.40150051   7.17972059
   6.95540404   6.72607493   6.48850084   6.23824049   5.96881179
   5.67002958   5.32445039   4.89940286   4.32908463   3.47888453]
tiempo_ejecución: 42.18846917152405
