xH2: [0.13734576 0.14154441 0.14684334 0.14934692 0.15102111 0.15236987
 0.15358466 0.15474989 0.15589754 0.15702609 0.15811425 0.1591302
 0.16005562 0.16089299 0.16165542]
nH2: [9.98988006e+18 9.37760296e+18 7.16960211e+18 5.19510221e+18
 3.38668706e+18 1.91270626e+18 9.73260654e+17 4.83312089e+17
 2.37120013e+17 1.17589289e+17 5.98538724e+16 3.17328776e+16
 1.76523457e+16 1.04410396e+16 6.69136124e+15]
GammaxH2: [1.57130034e+22 1.46088776e+22 1.09029630e+22 7.97215024e+21
 6.31806537e+21 4.41447128e+21 2.32358020e+21 1.22123156e+21
 6.66119621e+20 3.93147049e+20 2.58365492e+20 1.90181898e+20
 1.53885160e+20 1.33224559e+20 1.20501378e+20]
TH2: [ 0.          0.          0.          0.          0.          0.
  0.          0.          0.          0.          0.          0.
  0.          0.         44.11835063]
qxH2_total: [ 493.0190809   466.81340849  375.35762293  300.1686694   254.89439743
  212.04242763  177.81635786  163.52501577  165.70117616  185.07886223
  227.41386218  301.69055742  417.90241685  578.03823901 2260.15221028]
nHP: [6.16988760e+17 7.28330819e+17 7.43754344e+17 8.51237594e+17
 6.98069536e+17 4.49544586e+17 2.40486323e+17 1.20893951e+17
 5.93123486e+16 2.94133625e+16 1.50105166e+16 8.09330420e+15
 4.65212333e+15 2.86834124e+15 1.91928495e+15]
THP: [ 9.25226988  9.27147064 10.37888205 13.45105573 15.72484669 17.15974772
 17.87103461 18.05338288 18.05338288 18.05338288 18.09247031 18.35010254
 18.87156848 19.57343321 20.35585781]
SH: [1.51976519e+22 6.96229184e+22 2.14949397e+23 3.33472019e+23
 3.20698549e+23 2.25447011e+23 1.26344430e+23 6.52710150e+22
 3.25136842e+22 1.63965124e+22 8.65178138e+21 4.89806628e+21
 2.97252993e+21 1.92640698e+21 1.34267405e+21]
SP: [6.22511906e+22 2.83829858e+23 9.58243551e+23 1.82195414e+24
 1.97449694e+24 1.48194176e+24 8.56171400e+23 4.45676308e+23
 2.22006333e+23 1.11956848e+23 5.91706193e+22 3.38537315e+22
 2.09780984e+22 1.39685007e+22 1.00217570e+22]
xH: [0.13734576 0.1376182  0.1380182  0.1384182  0.1388182  0.1392182
 0.1396182  0.1400182  0.1404182  0.1408182  0.1412182  0.1416182
 0.1420182  0.1424182  0.1428182  0.1432182  0.1436182  0.1440182
 0.1444182  0.1448182  0.1452182  0.1456182  0.1460182  0.1464182
 0.1468182  0.1472182  0.1476182  0.1480182  0.1484182  0.1488182
 0.1492182  0.1496182  0.1500182  0.1504182  0.1508182  0.1512182
 0.1516182  0.1520182  0.1524182  0.1528182  0.1532182  0.1536182
 0.1540182  0.1544182  0.1548182  0.1552182  0.1556182  0.1560182
 0.1564182  0.1568182  0.1572182  0.1576182  0.1580182  0.1584182
 0.1588182  0.1592182  0.1596182  0.1600182  0.1604182  0.1608182
 0.1612182  0.1616182  0.1620182  0.1624182  0.1628182  0.1632182
 0.1636182  0.1640182  0.1644182  0.1648182  0.1652182  0.1656182
 0.1660182  0.1664182  0.1668182  0.1672182  0.1676182  0.1680182
 0.1684182  0.1688182  0.1692182  0.1696182  0.1700182  0.1704182
 0.1708182  0.1712182  0.1716182  0.1720182  0.1724182  0.1728182
 0.1732182  0.1736182  0.1740182  0.1744182  0.1748182  0.1752182
 0.1756182  0.1760182  0.1764182  0.1768182  0.1772182  0.1776182
 0.1780182  0.1784182  0.1788182  0.1792182  0.1796182  0.1800182
 0.1804182  0.1808182  0.1812182  0.1816182  0.1820182  0.1824182
 0.1828182  0.1832182  0.1836182  0.1840182  0.1844182  0.1848182
 0.1852182  0.1856182  0.1860182  0.1864182  0.1868182  0.1872182
 0.1876182  0.1880182  0.1884182  0.1888182  0.1892182  0.1896182
 0.1900182  0.1904182  0.1908182  0.1912182  0.1916182  0.1920182
 0.1924182  0.1928182  0.1932182  0.1936182  0.1940182  0.1944182
 0.1948182 ]
nH: [2.67968647e+17 2.68358206e+17 2.68972422e+17 2.69732442e+17
 2.70587764e+17 2.71496769e+17 2.72435495e+17 2.73370050e+17
 2.74296919e+17 2.75258599e+17 2.76288288e+17 2.77390986e+17
 2.78574336e+17 2.79836721e+17 2.81178634e+17 2.82597414e+17
 2.84083946e+17 2.85628991e+17 2.87224546e+17 2.88881922e+17
 2.90603604e+17 2.92379130e+17 2.94201492e+17 2.96052753e+17
 2.97926636e+17 2.99804637e+17 3.01639872e+17 3.03378201e+17
 3.04957767e+17 3.06315341e+17 3.07371903e+17 3.08059018e+17
 3.08339456e+17 3.08177406e+17 3.07543863e+17 3.06412658e+17
 3.04774292e+17 3.02686956e+17 3.00223917e+17 2.97339854e+17
 2.94011539e+17 2.90349228e+17 2.86460382e+17 2.82416886e+17
 2.78295347e+17 2.74156978e+17 2.70034302e+17 2.65956845e+17
 2.61939152e+17 2.57985109e+17 2.54097219e+17 2.50263164e+17
 2.46471224e+17 2.42708545e+17 2.38940831e+17 2.35153171e+17
 2.31320257e+17 2.27421953e+17 2.23451560e+17 2.19405893e+17
 2.15305973e+17 2.11204856e+17 2.05433134e+17 1.97977046e+17
 1.90559976e+17 1.83212551e+17 1.75963909e+17 1.68845794e+17
 1.61873391e+17 1.55051844e+17 1.48386293e+17 1.41851921e+17
 1.35413797e+17 1.29026712e+17 1.22458712e+17 1.15569366e+17
 1.08314846e+17 1.00619797e+17 9.26440505e+16 8.47647043e+16
 7.72549202e+16 6.99482411e+16 6.26489498e+16 5.55078574e+16
 4.88523823e+16 4.28655925e+16 3.75828805e+16 3.30163316e+16
 2.90968757e+16 2.57378384e+16 2.28601968e+16 2.03920208e+16
 1.82722382e+16 1.64489322e+16 1.48786569e+16 1.35240790e+16
 1.23528343e+16 1.13376537e+16 1.04553455e+16 9.68653262e+15
 9.01469586e+15 8.42572489e+15 7.90776099e+15 7.45060355e+15
 7.04585139e+15 6.68630853e+15 6.36554885e+15 6.07812839e+15
 5.81942523e+15 5.58550485e+15 5.37300807e+15 5.17905795e+15
 5.00118222e+15 4.83724834e+15 4.68540837e+15 4.54405061e+15
 4.41180716e+15 4.28750818e+15 4.17011310e+15 4.05879653e+15
 3.95285426e+15 3.85159137e+15 3.75438042e+15 3.66065403e+15
 3.56989491e+15 3.48162540e+15 3.39539779e+15 3.31078277e+15
 3.22736782e+15 3.14479635e+15 3.06271886e+15 2.98072862e+15
 2.89837362e+15 2.81513826e+15 2.73041481e+15 2.64346179e+15
 2.55334158e+15 2.45882239e+15 2.35821336e+15 2.24906217e+15
 2.12754534e+15 1.98712494e+15 1.81538448e+15 1.58633104e+15
 1.24237463e+15]
GammaxH: [-3.16948856e+21 -3.16057829e+21 -3.14419747e+21 -3.12387872e+21
 -3.09955690e+21 -3.07117911e+21 -3.03871569e+21 -3.00212266e+21
 -2.96139736e+21 -2.91660325e+21 -2.86779268e+21 -2.81455292e+21
 -2.75459030e+21 -2.68602737e+21 -2.60887965e+21 -2.52316016e+21
 -2.42887428e+21 -2.32602945e+21 -2.21463933e+21 -2.09476375e+21
 -1.96645379e+21 -1.82978756e+21 -1.68489220e+21 -1.53187089e+21
 -1.37095765e+21 -1.19939989e+21 -1.01413407e+21 -8.15094625e+20
 -6.02424116e+20 -3.76386948e+20 -1.37232259e+20  1.08916418e+20
  3.53096570e+20  5.92376872e+20  8.26783297e+20  1.05138494e+21
  1.25624329e+21  1.43648923e+21  1.59206663e+21  1.72159724e+21
  1.82387483e+21  1.89962438e+21  1.95396464e+21  1.99138526e+21
  2.01281920e+21  2.02230660e+21  2.02304925e+21  2.01577812e+21
  2.00277536e+21  1.98557754e+21  1.96468939e+21  1.94115199e+21
  1.91541275e+21  1.88779682e+21  1.85857388e+21  1.82771670e+21
  1.79529923e+21  1.76124323e+21  1.72556866e+21  1.68821108e+21
  1.64909614e+21  1.60828494e+21  1.56551224e+21  1.52135827e+21
  1.47675725e+21  1.43189165e+21  1.38696039e+21  1.34218418e+21
  1.29769064e+21  1.25353686e+21  1.20978611e+21  1.16627790e+21
  1.12276263e+21  1.07894900e+21  1.03326112e+21  9.84717317e+20
  9.32994323e+20  8.77582440e+20  8.19538150e+20  7.61001522e+20
  7.03584970e+20  6.46354038e+20  5.88197133e+20  5.30499220e+20
  4.75706867e+20  4.25315995e+20  3.79842070e+20  3.39475956e+20
  3.03920833e+20  2.72807029e+20  2.45726364e+20  2.22202247e+20
  2.01805519e+20  1.84151737e+20  1.68906472e+20  1.55768395e+20
  1.44461255e+20  1.34743369e+20  1.26403783e+20  1.19256649e+20
  1.13139975e+20  1.07911723e+20  1.03446820e+20  9.96381196e+19
  9.63858920e+19  9.36042346e+19  9.12266914e+19  8.91968188e+19
  8.74667080e+19  8.59957321e+19  8.47494915e+19  8.36989239e+19
  8.28195472e+19  8.20908221e+19  8.14956192e+19  8.10197755e+19
  8.06486227e+19  8.03683022e+19  8.01682153e+19  8.00329702e+19
  7.99504204e+19  7.99175698e+19  7.99324651e+19  7.99940904e+19
  8.01022780e+19  8.02576399e+19  8.04614594e+19  8.07156998e+19
  8.10221163e+19  8.13788464e+19  8.17856949e+19  8.22475160e+19
  8.27699406e+19  8.33595321e+19  8.40239961e+19  8.47724750e+19
  8.56159704e+19  8.65679609e+19  8.76453426e+19  8.88699425e+19
  9.02711544e+19  9.18909767e+19  9.37945978e+19  9.60943478e+19
  9.90052809e+19]
TH: [  9.45683378   9.46066577   9.46806045   9.47748545   9.48893411
   9.50237893   9.51775227   9.53501422   9.55404939   9.57459952
   9.59640322   9.61948368   9.644757     9.67280041   9.70314837
   9.73531397   9.76881155   9.80313822   9.83776885   9.87205075
   9.90535951   9.93708252   9.96656051   9.99325025  10.01648005
  10.0361819   10.05215204  10.0634046   10.06886686  10.06728004
  10.0573426   10.03712629  10.00491899   9.95985948   9.90098162
   9.8281062    9.74310631   9.64732793   9.54176966   9.4317435
   9.32275617   9.21736285   9.11660311   9.0208805    8.93155321
   8.84873339   8.77221284   8.70246078   8.63928279   8.58237971
   8.53179584   8.48743637   8.44910969   8.4170407    8.39152201
   8.37265093   8.36115145   8.35739463   8.36202235   8.37544942
   8.39749225   8.42713685   8.51149255   8.65746726   8.81981687
   8.99934068   9.19677989   9.41270839   9.6481076    9.90436407
  10.18301678  10.4872789   10.82175812  11.19299704  11.62210504
  12.13151961  12.74417726  13.49398373  14.40049005  15.45750904
  16.66102971  18.07708123  19.81189151  21.92343064  24.40093131
  27.22622699  30.39515749  33.8749441   37.65733182  41.73910111
  46.10682068  50.74356849  55.62549767  60.72199954  65.99367445
  71.39611457  76.88385729  82.40902913  87.92391313  93.38034701
  98.733484   103.94331677 108.97389195 113.7959487  118.38382196
 122.71977823 126.79570766 130.60750112 134.15491487 137.44108899
 140.47198206 143.25580658 145.80250047 148.12324608 150.23001865
 152.13503091 153.8502872  155.38799675 156.76018591 157.97846178
 159.05542727 160.00364733 160.83432211 161.5578681  162.18409791
 162.72233666 163.18154406 163.57036884 163.89717874 164.17121187
 164.40327364 164.605142   164.79020376 164.97492966 165.18061591
 165.43598087 165.78130631 166.27542271 167.00835851 168.12636849
 169.88669887 172.79019109 177.93336538 188.01931624 210.27851509]
qxH_total: [-34454.03578094 -34435.741983   -34400.50312613 -34357.71819566
 -34306.20528944 -34245.06690163 -34173.83648408 -34091.85755116
 -33999.08757019 -33896.4185049  -33784.54322291 -33662.3773278
 -33523.59439413 -33362.77543479 -33179.72248712 -32974.18509184
 -32745.80831885 -32494.24371855 -32219.15704608 -31920.39564435
 -31597.6346965  -31250.58814375 -30879.192307   -30483.24174649
 -30063.04396105 -29605.25873154 -29094.21204868 -28526.93409238
 -27901.32377698 -27215.40702657 -26467.13246397 -25673.24354011
 -24860.49003326 -24037.70669119 -23204.55662066 -22379.58949628
 -21601.80108484 -20892.24024623 -20253.60892248 -19696.69901969
 -19230.66438695 -18854.34115508 -18551.08365847 -18305.59318688
 -18115.43502709 -17966.04623129 -17845.5678983  -17751.73220493
 -17675.77285392 -17611.12792444 -17555.35602922 -17503.27550179
 -17451.45167105 -17397.58922288 -17338.41041115 -17272.13794132
 -17196.75528706 -17110.20793738 -17010.93851863 -16897.47259551
 -16768.31098898 -16622.52003978 -16473.27823142 -16322.60513434
 -16161.09994547 -15990.30806637 -15811.48828237 -15626.55344516
 -15436.24949574 -15241.07612779 -15041.47138887 -14836.1077197
 -14622.97643711 -14396.10069505 -14124.16556306 -13778.74640117
 -13330.18991257 -12733.02132122 -11979.96085799 -11158.64050259
 -10345.02979692  -9472.89022873  -8444.28249772  -7242.53241137
  -5961.19831852  -4676.56163872  -3429.89063785  -2278.44259682
  -1228.9851594    -262.60821475    635.22062861   1470.62074636
   2249.01359509   2975.22526313   3653.43709099   4287.43820293
   4880.40950826   5435.08587135   5954.1936669    6439.5077835
   6892.88931376   7316.12789057   7710.49429503   8077.65975495
   8417.84315738   8731.62855141   9021.27283387   9288.86856237
   9536.36590783   9765.58851625   9978.24725557  10175.95241001
  10360.22393184  10532.50103987  10694.15193734  10846.48439545
  10990.2973994   11126.15005092  11254.77904897  11375.96138794
  11489.7234844   11597.20263772  11699.4749118   11797.56690694
  11892.46374372  11985.11599665  12076.43800434  12167.31969438
  12258.51415757  12350.18174403  12442.61551284  12536.69411386
  12633.28861924  12733.27335672  12837.53583189  12946.98769761
  13062.57812352  13185.31090004  13316.26720176  13456.63792521
  13607.7727702   13771.26313469  13949.11574586  14144.27597883
  14362.92759944]
NetHSource: [6.33991425e+22 6.87830809e+22 8.16856299e+22 9.43460196e+22
 1.05776466e+23 1.17220643e+23 1.27959366e+23 1.38362268e+23
 1.49034796e+23 1.60947647e+23 1.72881087e+23 1.87294309e+23
 2.11315340e+23 2.35431867e+23 2.59875650e+23 2.84357270e+23
 3.08982659e+23 3.33696908e+23 3.58683097e+23 3.84779365e+23
 4.10943204e+23 4.37660597e+23 4.64706402e+23 4.92087138e+23
 5.20656946e+23 5.64136790e+23 6.08896977e+23 6.53849463e+23
 6.99147822e+23 7.45685659e+23 7.92254519e+23 8.09589542e+23
 8.13000414e+23 8.16152814e+23 8.18522395e+23 7.95711366e+23
 7.46642758e+23 6.96934015e+23 6.45427657e+23 5.85722012e+23
 5.23827037e+23 4.61278445e+23 4.19256107e+23 3.76814226e+23
 3.36205523e+23 3.11360079e+23 2.86198487e+23 2.64349034e+23
 2.50591582e+23 2.37356444e+23 2.26891609e+23 2.20441094e+23
 2.14443256e+23 2.10875121e+23 2.09637859e+23 2.08537137e+23
 2.09707113e+23 2.11373063e+23 2.13656651e+23 2.16869907e+23
 2.20138624e+23 2.23372171e+23 2.22655284e+23 2.22428677e+23
 2.21038359e+23 2.19306537e+23 2.16531278e+23 2.13199636e+23
 2.09709904e+23 2.06137849e+23 2.02408347e+23 2.00196438e+23
 1.98412824e+23 1.99123156e+23 2.11783923e+23 2.22277713e+23
 2.40041585e+23 2.58545680e+23 2.69712119e+23 2.63919182e+23
 2.56862042e+23 2.66095099e+23 2.78623074e+23 2.82958800e+23
 2.71830966e+23 2.59997312e+23 2.42055703e+23 2.23067871e+23
 2.06110300e+23 1.90997395e+23 1.77644112e+23 1.65822224e+23
 1.55371508e+23 1.46108575e+23 1.37786679e+23 1.30439593e+23
 1.23888495e+23 1.18061771e+23 1.12864708e+23 1.08121889e+23
 1.03896712e+23 1.00017341e+23 9.64939888e+22 9.32789968e+22
 9.01719966e+22 8.73576704e+22 8.47990392e+22 8.24641131e+22
 8.03251896e+22 7.83582197e+22 7.65422682e+22 7.48590456e+22
 7.32925099e+22 7.18285300e+22 7.04545879e+22 6.91594870e+22
 6.78772568e+22 6.66325359e+22 6.54124615e+22 6.41028704e+22
 6.28456549e+22 6.16348735e+22 6.04650053e+22 5.93309338e+22
 5.82278817e+22 5.71513324e+22 5.60959086e+22 5.50579659e+22
 5.40172898e+22 5.29142187e+22 5.18213679e+22 5.07343869e+22
 4.96484250e+22 4.85579577e+22 4.74565013e+22 4.63361876e+22
 4.51871335e+22 4.39964364e+22 4.27465157e+22 4.14120285e+22
 3.99537404e+22 3.83049887e+22 3.63396874e+22 3.37933728e+22
 3.00710436e+22]
Sion: [1.03573767e+21 1.41978534e+21 1.98597486e+21 2.49523546e+21
 2.73214375e+21 2.97108720e+21 3.05488815e+21 3.06536755e+21
 3.13543278e+21 3.47710892e+21 3.82203651e+21 4.24157144e+21
 4.69907640e+21 5.17588308e+21 5.72252370e+21 6.27585208e+21
 6.85914920e+21 7.46059451e+21 8.12673864e+21 9.06668886e+21
 1.00275411e+22 1.13810201e+22 1.30021895e+22 1.48942917e+22
 1.77205021e+22 2.08099603e+22 2.42672269e+22 2.80473729e+22
 3.22361934e+22 3.73901573e+22 4.28715548e+22 4.88521842e+22
 5.52132777e+22 6.17200936e+22 6.79505040e+22 7.42852453e+22
 7.98005481e+22 8.48839280e+22 8.96007305e+22 9.27434160e+22
 9.57300117e+22 9.71636540e+22 9.78227505e+22 9.81516343e+22
 9.73525626e+22 9.65288056e+22 9.55352108e+22 9.44715028e+22
 9.34727946e+22 9.27300919e+22 9.19908531e+22 9.18356781e+22
 9.19308376e+22 9.22821482e+22 9.38774123e+22 9.54005484e+22
 9.79922002e+22 1.01021117e+23 1.04167266e+23 1.08241684e+23
 1.12185484e+23 1.16328011e+23 1.19516390e+23 1.21350168e+23
 1.22509058e+23 1.23344997e+23 1.23433966e+23 1.23055081e+23
 1.22467675e+23 1.21791780e+23 1.20878240e+23 1.21132950e+23
 1.21655697e+23 1.23765568e+23 1.34103521e+23 1.42812899e+23
 1.56386695e+23 1.70094332e+23 1.78717435e+23 1.77452015e+23
 1.74336580e+23 1.81414911e+23 1.89286104e+23 1.90348781e+23
 1.81187903e+23 1.70813643e+23 1.56814155e+23 1.42378478e+23
 1.29259243e+23 1.17301899e+23 1.06710354e+23 9.73343152e+22
 8.90598629e+22 8.17542822e+22 7.52515137e+22 6.95451901e+22
 6.45116243e+22 6.00802524e+22 5.61726281e+22 5.26859651e+22
 4.96135985e+22 4.68636618e+22 4.44144647e+22 4.22258740e+22
 4.02114739e+22 3.84155962e+22 3.68083879e+22 3.53642559e+22
 3.40612320e+22 3.28804231e+22 3.18055376e+22 3.08224938e+22
 2.99190847e+22 2.90846885e+22 2.83100194e+22 2.75869019e+22
 2.68922064e+22 2.62297130e+22 2.55926943e+22 2.49466111e+22
 2.43297134e+22 2.37381300e+22 2.31683476e+22 2.26171750e+22
 2.20816877e+22 2.15591697e+22 2.10467749e+22 2.05421959e+22
 2.00387361e+22 1.95194826e+22 1.90029797e+22 1.84868022e+22
 1.79682389e+22 1.74441819e+22 1.69109526e+22 1.63640463e+22
 1.57977498e+22 1.52045394e+22 1.45740688e+22 1.38913110e+22
 1.31328106e+22 1.22584256e+22 1.11918763e+22 9.77343968e+21
 7.64927960e+21]
QH_total: [ 147608.62861077  165560.09617065  195084.27758082  224933.62381573
  253571.0983193   282325.35201888  310135.34423953  337470.63594567
  365200.27432343  394834.04770666  424692.68018686  461310.11435648
  525101.92362279  589967.97301304  656497.54149011  724097.36613205
  793064.14395871  863293.70948833  935385.52529096 1012305.24467976
 1091013.10804121 1172243.03050494 1255543.88895239 1341015.39981941
 1430387.05783348 1588904.29568016 1758588.64718909 1934738.53789092
 2118089.68548847 2312365.23189539 2512945.38909893 2627262.63586838
 2698605.77117928 2769346.14419451 2838023.34245458 2811325.69166051
 2678730.28846603 2537800.90018594 2383872.86126212 2177913.3414266
 1965161.92319474 1748011.94018006 1602884.48387811 1455807.04128681
 1314292.49222372 1233313.16912685 1149977.88224317 1079024.84044753
 1040176.53829782 1005603.17120592  982067.48132199  978883.57835055
  980011.58175404  992814.72833247 1020809.15656419 1050844.68767547
 1095662.53100512 1145904.91446708 1202706.5598177  1266772.51818822
 1336294.82416146 1405528.1821629  1408602.61688579 1464002.28520496
 1507739.53519269 1551448.94985617 1584881.00170107 1613429.98851763
 1641640.16822047 1668628.21669978 1695512.2391006  1739933.20074228
 1792408.99312356 1890427.93778082 2203123.88557624 2527407.99299663
 3055088.64934853 3704556.04882922 4273315.81785888 4352409.53057671
 4431203.7030308  4998399.43370386 5797923.50097377 6481689.26353174
 6640286.27684523 6796571.4267082  6654224.29241481 6398693.28933743
 6176645.06131857 6004642.51150703 5847535.65262595 5702864.10043148
 5569517.68546192 5445550.86366541 5326408.60647414 5215710.61313678
 5109233.5571328  5008273.2101021  4912042.58850742 4813923.8751626
 4721754.79388467 4627787.10679822 4535909.00943339 4445827.62439011
 4345982.14272359 4251442.27422196 4161809.0136384  4076721.57009979
 3995852.79237359 3918904.96887371 3845609.07497198 3775719.46178017
 3709010.35965295 3645275.14209513 3584324.69399963 3525984.75997582
 3465955.71359095 3406507.35347096 3347117.98932386 3279700.16736024
 3214960.58342423 3152747.31025247 3092919.06734371 3035344.48965548
 2979901.33362297 2926475.62906616 2874884.04066886 2825071.69139523
 2775761.60942551 2722724.29026707 2671495.94853612 2621986.12234636
 2574109.93119734 2527787.15334772 2482941.71940632 2439500.59304753
 2397394.21446004 2356554.87860437 2316916.43902727 2278412.09125611
 2240972.40687839 2204519.44431723 2168954.5467311  2134129.30563209
 2099793.79206497]
SideWallH: [0. 0. 0. 0. 0. 0. 0. 0. 0. 0. 0. 0. 0. 0. 0. 0. 0. 0. 0. 0. 0. 0. 0. 0.
 0. 0. 0. 0. 0. 0. 0. 0. 0. 0. 0. 0. 0. 0. 0. 0. 0. 0. 0. 0. 0. 0. 0. 0.
 0. 0. 0. 0. 0. 0. 0. 0. 0. 0. 0. 0. 0. 0. 0. 0. 0. 0. 0. 0. 0. 0. 0. 0.
 0. 0. 0. 0. 0. 0. 0. 0. 0. 0. 0. 0. 0. 0. 0. 0. 0. 0. 0. 0. 0. 0. 0. 0.
 0. 0. 0. 0. 0. 0. 0. 0. 0. 0. 0. 0. 0. 0. 0. 0. 0. 0. 0. 0. 0. 0. 0. 0.
 0. 0. 0. 0. 0. 0. 0. 0. 0. 0. 0. 0. 0. 0. 0. 0. 0. 0. 0. 0. 0. 0. 0. 0.
 0.]
Lyman: [168566.99900846 174908.38473579 160391.44567566 142281.27065213
 134522.12295969 127161.80055159 125204.21329511 125633.70936782
 124152.1592707  114638.0868695  106116.65549849  96930.23849478
  88312.25986583  80668.61197825  73205.78478107  66885.45838339
  61263.4572096   56371.70837772  51869.75594383  46890.79222773
  42828.29920913  40450.94416399  38928.80790584  37920.7999961
  38147.10320084  38405.45113308  38808.92739803  39331.8132042
  39954.56895292  40753.31702196  41692.73430883  42686.552407
  43779.71255226  44941.90040992  45956.64891446  47025.17361242
  47843.91124554  48528.04605842  49119.53559352  49284.34625877
  49390.11783235  48902.80796694  48133.72373817  47293.12224664
  46191.46979704  45105.15916555  44137.47692232  43234.02753959
  42315.51039722  41268.21731425  40250.52975375  39060.29214223
  37822.49848056  36656.01277762  35648.75229894  34684.07361663
  33972.01885812  33390.92856226  32910.57623415  32791.0548404
  32676.14823511  32857.59152809  32893.36166994  32672.32685875
  32647.76220538  32543.79903723  32488.98732972  32413.60464871
  32286.39302472  32190.55626838  32015.93355194  31932.48269841
  31820.6941894   31353.04097649  29910.56877358  28626.90872767
  27127.77292213  25830.09028315  25121.30373652  25856.7786015
  26078.13527145  25786.00485563  24857.2518482   23294.1831184
  21479.06231559  19321.41692543  17219.72382567  15244.95426153
  13409.45040263  11763.55936324  10315.77220797   9055.83841297
   7966.708785     7030.99153754   6235.02129997   5553.58923169
   4971.37638124   4472.33589926   4043.71827253   3676.99703954
   3359.65170187   3086.28489392   2848.99812615   2642.30653012
   2464.59284135   2307.93257097   2169.23294643   2045.90166462
   1935.76057004   1836.97406304   1747.99095118   1667.49542713
   1594.36708965   1527.6484622    1466.51767325   1410.2651365
   1358.97767761   1311.69292946   1268.0003288    1228.74271899
   1191.86597406   1157.08921307   1124.16075379   1092.85451283
   1062.96584032   1034.30744776   1006.71608329    980.02116616
    954.21997081    929.69150129    905.56378756    881.69302914
    857.92358097    834.08219664    809.96930185    785.34636916
    759.91710989    733.29804191    704.96910207    674.183346
    639.78525801    599.81092063    550.54598342    484.23029373
    383.66768951]
Balmer: [937.80382921 989.51508385 949.83158531 879.90329847 847.77395489
 816.08804795 808.06824528 810.84019057 804.88236451 761.14851662
 720.46799864 674.81564498 630.30266591 589.3862234  547.95362005
 511.68419697 478.39474965 448.57224044 420.39685105 388.415089
 361.46545843 346.86320227 338.05428829 332.45546607 335.85013508
 338.0871916  340.14951355 342.00476    343.64377299 345.27565344
 347.32061586 349.21729244 351.50819916 354.24926227 356.38894412
 358.92882952 360.49138327 361.52829236 362.24390783 361.05279474
 359.52044769 355.0018902  349.04363226 342.73600731 335.20103798
 327.75452267 321.04170008 314.7328977  308.33995414 301.15732535
 294.16634005 286.05255776 277.62159755 269.57210072 262.24623481
 255.22988361 249.59429542 244.75617978 240.59082638 238.58204143
 236.73699045 236.76808896 235.743723   233.00330216 231.5364066
 229.71994508 228.27201404 226.77810986 225.06534484 223.63350083
 221.80921865 220.82228536 219.86427214 217.24825063 210.54518158
 204.55329576 198.10086143 192.76491666 190.42173567 196.76342151
 199.45728007 200.29692196 196.45983139 186.81367764 174.03277284
 158.26587817 142.31732901 127.00141249 112.5809511   99.47052859
  87.83530534  77.62137129  68.71960953  61.01040729  54.39650191
  48.69600575  43.79252839  39.56460763  35.91323504  32.76898473
  30.03606144  27.66774665  25.6019925   23.79391694  22.2253377
  20.83763139  19.60474548  18.50475319  17.51916306  16.63234026
  15.83103458  15.10397686  14.44154835  13.83551196  13.27878456
  12.76524118  12.29386014  11.85739544  11.45214269  11.08206501
  10.73395107  10.40532522  10.09396992   9.7978946    9.51529974
   9.24454191   8.98416075   8.73268902   8.48962603   8.25660424
   8.02834752   7.80362825   7.5811319    7.35941059   7.13681312
   6.91138374   6.68071269   6.44170114   6.19016772   5.92012839
   5.62234677   5.28114276   4.86687693   4.31765765   3.49646596]
tiempo_ejecución: 128.10408329963684
