xH2: [0.13734576 0.14116282 0.14716282 0.15037369 0.15258248 0.15453772
 0.15644476 0.15825421 0.15983812 0.16118857]
nH2: [6.34560401e+18 6.16094215e+18 5.07032761e+18 3.56331260e+18
 2.10498177e+18 1.06789056e+18 5.14478017e+17 2.52790627e+17
 1.29447362e+17 6.71589748e+16]
GammaxH2: [1.48314765e+22 1.44689818e+22 1.26819646e+22 1.10886462e+22
 7.76330318e+21 3.95828410e+21 1.93286181e+21 9.68804189e+20
 5.12050971e+20 2.79845961e+20]
TH2: [0.         0.         0.         0.         0.         0.
 0.         0.         0.         1.39449325]
qxH2_total: [1108.08938214 1079.50938666  921.29259547  692.64143367  405.99558604
  231.48069271  136.88179864   91.26662824   69.52086192  172.56434205]
nHP: [3.91913248e+17 4.74366862e+17 5.60541161e+17 6.80647648e+17
 4.99873926e+17 2.67118311e+17 1.28689684e+17 6.34288565e+16
 3.38234864e+16 1.87425314e+16]
THP: [ 9.25226988  9.27081938 10.72393924 14.89578772 17.30224514 18.05338288
 18.05338288 18.10021043 18.73249295 19.85232691]
SH: [9.65359745e+21 4.13167715e+22 1.69535596e+23 2.96031470e+23
 2.52940734e+23 1.43719772e+23 7.09896325e+22 3.67422385e+22
 2.13325036e+22 1.28031688e+22]
SP: [3.95421568e+22 1.68462138e+23 7.75727328e+23 1.74908440e+24
 1.67302212e+24 9.81331416e+23 4.84723538e+23 2.51365043e+23
 1.49724677e+23 9.38130784e+22]
xH: [0.13734576 0.13761749 0.13801749 0.13841749 0.13881749 0.13921749
 0.13961749 0.14001749 0.14041749 0.14081749 0.14121749 0.14161749
 0.14201749 0.14241749 0.14281749 0.14321749 0.14361749 0.14401749
 0.14441749 0.14481749 0.14521749 0.14561749 0.14601749 0.14641749
 0.14681749 0.14721749 0.14761749 0.14801749 0.14841749 0.14881749
 0.14921749 0.14961749 0.15001749 0.15041749 0.15081749 0.15121749
 0.15161749 0.15201749 0.15241749 0.15281749 0.15321749 0.15361749
 0.15401749 0.15441749 0.15481749 0.15521749 0.15561749 0.15601749
 0.15641749 0.15681749 0.15721749 0.15761749 0.15801749 0.15841749
 0.15881749 0.15921749 0.15961749 0.16001749 0.16041749 0.16081749
 0.16121749 0.16161749 0.16201749 0.16241749 0.16281749 0.16321749
 0.16361749 0.16401749 0.16441749 0.16481749 0.16521749 0.16561749
 0.16601749 0.16641749 0.16681749 0.16721749 0.16761749 0.16801749
 0.16841749 0.16881749 0.16921749 0.16961749 0.17001749 0.17041749
 0.17081749 0.17121749 0.17161749 0.17201749 0.17241749 0.17281749
 0.17321749 0.17361749 0.17401749 0.17441749 0.17481749 0.17521749
 0.17561749 0.17601749 0.17641749 0.17681749 0.17721749 0.17761749
 0.17801749 0.17841749 0.17881749 0.17921749 0.17961749 0.18001749
 0.18041749 0.18081749 0.18121749 0.18161749 0.18201749 0.18241749
 0.18281749 0.18321749 0.18361749 0.18401749 0.18441749 0.18481749
 0.18521749 0.18561749 0.18601749 0.18641749 0.18681749 0.18721749
 0.18761749 0.18801749 0.18841749 0.18881749 0.18921749 0.18961749
 0.19001749 0.19041749 0.19081749 0.19121749 0.19161749 0.19201749
 0.19241749 0.19281749 0.19321749 0.19361749 0.19401749 0.19441749
 0.19481749]
nH: [2.35414283e+17 2.35656101e+17 2.36126757e+17 2.36724847e+17
 2.37408446e+17 2.38143112e+17 2.38907948e+17 2.39674054e+17
 2.40440592e+17 2.41243393e+17 2.42110593e+17 2.43049605e+17
 2.44068458e+17 2.45167970e+17 2.46350076e+17 2.47614181e+17
 2.48955318e+17 2.50368107e+17 2.51850783e+17 2.53416618e+17
 2.55071645e+17 2.56815017e+17 2.58648509e+17 2.60566851e+17
 2.62575352e+17 2.64672052e+17 2.66842924e+17 2.69067833e+17
 2.71316341e+17 2.73564384e+17 2.75777911e+17 2.77907515e+17
 2.79898706e+17 2.81686222e+17 2.83191573e+17 2.84363119e+17
 2.85187818e+17 2.85666564e+17 2.85818588e+17 2.85620258e+17
 2.85004352e+17 2.83968777e+17 2.82570315e+17 2.80863978e+17
 2.78912756e+17 2.76773488e+17 2.74486089e+17 2.72090176e+17
 2.69623295e+17 2.67115739e+17 2.64587915e+17 2.62049394e+17
 2.59507238e+17 2.56973533e+17 2.54446042e+17 2.51925070e+17
 2.49413469e+17 2.46910957e+17 2.44434585e+17 2.41998880e+17
 2.36489438e+17 2.27876577e+17 2.19259952e+17 2.10669876e+17
 2.02149391e+17 1.93735230e+17 1.85463664e+17 1.77372358e+17
 1.69479224e+17 1.61790826e+17 1.54313306e+17 1.47018621e+17
 1.39867852e+17 1.32789068e+17 1.25554183e+17 1.18037328e+17
 1.10176519e+17 1.01901730e+17 9.34114376e+16 8.50967930e+16
 7.72236658e+16 6.96367618e+16 6.21363238e+16 5.48771279e+16
 4.81747050e+16 4.21923452e+16 3.69546884e+16 3.24552097e+16
 2.86138273e+16 2.53347948e+16 2.25334283e+16 2.01348861e+16
 1.80765977e+16 1.63062231e+16 1.47805151e+16 1.34627445e+16
 1.23213400e+16 1.13298915e+16 1.04660894e+16 9.71136782e+15
 9.04995961e+15 8.46841015e+15 7.95542603e+15 7.50131071e+15
 7.09807984e+15 6.73888752e+15 6.41759634e+15 6.12899574e+15
 5.86865073e+15 5.63277510e+15 5.41812623e+15 5.22191782e+15
 5.04174713e+15 4.87553415e+15 4.72146978e+15 4.57797029e+15
 4.44368764e+15 4.31746552e+15 4.19828142e+15 4.08531212e+15
 3.97784869e+15 3.87520279e+15 3.77674734e+15 3.68191399e+15
 3.59018388e+15 3.50107767e+15 3.41414604e+15 3.32895833e+15
 3.24510690e+15 3.16223375e+15 3.07998585e+15 2.99796120e+15
 2.91570975e+15 2.83271578e+15 2.74836726e+15 2.66191021e+15
 2.57237912e+15 2.47848571e+15 2.37842908e+15 2.26954580e+15
 2.14761101e+15 2.00534159e+15 1.82904200e+15 1.59107493e+15
 1.23488404e+15]
GammaxH: [-2.87926415e+21 -2.87369649e+21 -2.86343469e+21 -2.85070059e+21
 -2.83543828e+21 -2.81760249e+21 -2.79716637e+21 -2.77409164e+21
 -2.74837858e+21 -2.72007961e+21 -2.68895162e+21 -2.65291747e+21
 -2.61018873e+21 -2.56077458e+21 -2.50468743e+21 -2.44193782e+21
 -2.37253156e+21 -2.29647525e+21 -2.21378460e+21 -2.12450760e+21
 -2.02868481e+21 -1.92638878e+21 -1.81773190e+21 -1.70281779e+21
 -1.58184278e+21 -1.45461025e+21 -1.31836166e+21 -1.17073383e+21
 -1.01187207e+21 -8.42019380e+20 -6.61414283e+20 -4.70237208e+20
 -2.68675018e+20 -5.78906505e+19  1.52667231e+20  3.54594638e+20
  5.47969190e+20  7.32963142e+20  9.09693907e+20  1.07505533e+21
  1.22352484e+21  1.35299860e+21  1.46389894e+21  1.55645690e+21
  1.63294648e+21  1.69644285e+21  1.74785256e+21  1.78723741e+21
  1.81461754e+21  1.83281265e+21  1.84485697e+21  1.85086042e+21
  1.85067310e+21  1.84479547e+21  1.83439485e+21  1.82009565e+21
  1.80167564e+21  1.77904384e+21  1.75258410e+21  1.72233382e+21
  1.68335098e+21  1.63726698e+21  1.59049219e+21  1.54316887e+21
  1.49551690e+21  1.44773561e+21  1.40004580e+21  1.35268485e+21
  1.30578561e+21  1.25941045e+21  1.21362669e+21  1.16826256e+21
  1.12305750e+21  1.07756577e+21  1.03032519e+21  9.80492200e+20
  9.27622476e+20  8.71242212e+20  8.12529938e+20  7.53617850e+20
  6.96034817e+20  6.38942764e+20  5.81264716e+20  5.24357369e+20
  4.70547440e+20  4.21208337e+20  3.76808066e+20  3.37456316e+20
  3.02825434e+20  2.72519579e+20  2.46118729e+20  2.23152595e+20
  2.03199258e+20  1.85884993e+20  1.70887435e+20  1.57917856e+20
  1.46712360e+20  1.37040773e+20  1.28702527e+20  1.21520996e+20
  1.15342059e+20  1.10030635e+20  1.05467559e+20  1.01550328e+20
  9.81831681e+19  9.52833244e+19  9.27867399e+19  9.06388064e+19
  8.87929881e+19  8.72096534e+19  8.58550953e+19  8.47007031e+19
  8.37222537e+19  8.28993171e+19  8.22147588e+19  8.16543246e+19
  8.12032211e+19  8.08474157e+19  8.05754727e+19  8.03723855e+19
  8.02263539e+19  8.01334568e+19  8.00914156e+19  8.00988870e+19
  8.01553765e+19  8.02611710e+19  8.04172308e+19  8.06251976e+19
  8.08861057e+19  8.11981933e+19  8.15613567e+19  8.19797119e+19
  8.24585525e+19  8.30041041e+19  8.36237432e+19  8.43263073e+19
  8.51225476e+19  8.60258039e+19  8.70530460e+19  8.82265795e+19
  8.95770402e+19  9.11490874e+19  9.30130639e+19  9.52900375e+19
  9.82044972e+19]
TH: [ 10.00143943  10.00416724  10.00937823  10.01598521  10.02404911
  10.03360627  10.04464916  10.05719998  10.07118565  10.08639028
  10.10278788  10.12152215  10.14342085  10.16812948  10.19525126
  10.22436812  10.25505731  10.28687888  10.31935166  10.35187075
  10.38385402  10.41468812  10.44370311  10.47031769  10.49381999
  10.5136837   10.52986879  10.54182137  10.54836612  10.54810675
  10.53963681  10.52158406  10.49241635  10.45055713  10.39545912
  10.32780738  10.24793185  10.15581259  10.05083807   9.93504505
   9.81343764   9.6895052    9.5651033    9.44172822   9.32043598
   9.20181848   9.08655289   8.97557242   8.86970778   8.7685179
   8.6711831    8.57768575   8.48803291   8.4021507    8.31934034
   8.23908406   8.16131611   8.08576603   8.01203804   7.93971492
   7.95784518   8.07567415   8.20942556   8.36017351   8.52874389
   8.71599783   8.9226878    9.14939293   9.39711709   9.66726416
   9.96138656  10.28281439  10.63634714  11.03011234  11.48514355
  12.02358085  12.67100563  13.46318909  14.41911422  15.53324177
  16.80310354  18.293112    20.11116863  22.31333623  24.88550984
  27.80574759  31.06103437  34.61368524  38.44956719  42.56231512
  46.9363894   51.55326662  56.38868602  61.41269449  66.58774608
  71.87233525  77.22484754  82.60192979  87.96059568  93.25760593
  98.45275078 103.5102658  108.39782644 113.08880944 117.55954217
 121.79343827 125.78270931 129.52298836 133.01331692 136.25578239
 139.25506302 142.01795929 144.55294558 146.8697536  148.97896942
 150.89151066 152.61818662 154.17008582 155.55826873 156.7935621
 157.88769316 158.8523919  159.69824562 160.43509583 161.07222363
 161.61845115 162.0822451  162.47173234 162.79482737 163.06023887
 163.27803498 163.459281   163.61666421 163.7659457  163.92782161
 164.130724   164.41536774 164.84256393 165.50760078 166.56898055
 168.31125868 171.29532479 176.74883317 187.65437852 211.69231349]
qxH_total: [-34131.76464445 -34120.73220997 -34101.50481245 -34078.33046859
 -34050.11079786 -34016.01904031 -33975.60315496 -33928.25364198
 -33873.97099501 -33813.5393431  -33746.75921298 -33667.86580599
 -33571.8004699  -33458.35322489 -33327.32158558 -33178.45832
 -33011.44217868 -32825.9439921  -32621.66303351 -32398.39754745
 -32155.78434958 -31893.56404229 -31611.67092094 -31309.96287544
 -30988.67458074 -30646.30820786 -30269.66630742 -29846.41761294
 -29374.76168481 -28853.02177647 -28279.50497667 -27652.32362726
 -26969.49298167 -26232.74448369 -25475.17238165 -24727.34272614
 -23989.42737996 -23261.40892844 -22543.31598555 -21850.58213058
 -21209.57417042 -20631.02166185 -20114.61784803 -19660.58455915
 -19262.16778936 -18909.22736572 -18598.74446557 -18330.85818296
 -18105.55662518 -17911.02820988 -17734.7040529  -17575.05998821
 -17430.9974057  -17299.38471903 -17173.16920183 -17047.88213657
 -16922.87365849 -16796.15104396 -16664.75185099 -16527.06345393
 -16403.39319258 -16290.0596448  -16163.17003265 -16023.28650897
 -15872.09040728 -15711.01499002 -15541.43287649 -15365.26057139
 -15183.30153408 -14996.058831   -14803.97269857 -14605.80831162
 -14399.62163604 -14177.23048221 -13909.89177825 -13571.61715952
 -13130.57002068 -12541.38978845 -11803.32820083 -10996.84167196
 -10189.6219969   -9324.05762754  -8303.86092251  -7115.89660876
  -5848.15443689  -4572.98078098  -3335.34918032  -2191.03542744
  -1147.98205027   -187.60808696    704.30180289   1534.16730346
   2307.3912109    3028.78102759   3702.50336601   4332.3093598
   4921.38667189   5472.47637854   5988.25989764   6470.50525055
   6921.02714016   7341.63170483   7733.61250129   8098.59172691
   8436.77587006   8748.73263031   9036.70546595   9302.77437784
   9548.87791422   9776.82873222   9988.3276183   10184.97564658
  10368.28405971  10539.68402517  10700.53637251  10852.14215796
  10995.29564946  11130.55069956  11258.54955421  11379.15294364
  11492.47006378  11599.54467232  11701.44918454  11799.20666281
  11893.79895672  11986.17369148  12077.24250154  12167.89296411
  12258.82060944  12350.23854894  12442.4924877   12536.40367041
  12632.84150889  12732.67862777  12836.80085216  12946.11810593
  13061.57780504  13184.18202219  13315.01007239  13455.25082458
  13606.25174863  13769.60144059  13947.30268702  14142.29357432
  14360.73941082]
NetHSource: [4.42109353e+22 5.02385470e+22 5.91347999e+22 6.77922084e+22
 7.54117650e+22 8.30178252e+22 9.00027761e+22 9.66906014e+22
 1.03681214e+23 1.11639379e+23 1.21110587e+23 1.39910831e+23
 1.58873487e+23 1.77944213e+23 1.97264244e+23 2.16642074e+23
 2.36150873e+23 2.55744174e+23 2.75671853e+23 2.96417911e+23
 3.17324485e+23 3.38737289e+23 3.60462810e+23 3.82594802e+23
 4.05648725e+23 4.30933145e+23 4.68894523e+23 5.07110195e+23
 5.45812083e+23 5.85601385e+23 6.25684103e+23 6.66292684e+23
 7.07242030e+23 7.43033644e+23 7.36695620e+23 7.30255398e+23
 7.22788457e+23 7.14647439e+23 7.05908674e+23 6.78180386e+23
 6.37945383e+23 5.96321278e+23 5.53601798e+23 5.11209013e+23
 4.76291320e+23 4.45376151e+23 4.13798021e+23 3.82020851e+23
 3.50328485e+23 3.33385615e+23 3.17488081e+23 3.02585959e+23
 2.88169974e+23 2.77118583e+23 2.72229856e+23 2.67266594e+23
 2.63770708e+23 2.62133275e+23 2.62233288e+23 2.63403698e+23
 2.36536718e+23 2.36776366e+23 2.36544695e+23 2.35571860e+23
 2.33467417e+23 2.30939291e+23 2.27320016e+23 2.23129215e+23
 2.18800554e+23 2.14394191e+23 2.09858797e+23 2.06914255e+23
 2.04430470e+23 2.05753883e+23 2.16693346e+23 2.26634664e+23
 2.43812855e+23 2.61585155e+23 2.70610937e+23 2.65066305e+23
 2.57456486e+23 2.65367858e+23 2.77049293e+23 2.79872502e+23
 2.69185769e+23 2.56954998e+23 2.39276876e+23 2.20494054e+23
 2.03821252e+23 1.89042375e+23 1.76024101e+23 1.64527958e+23
 1.54377184e+23 1.45383972e+23 1.37298468e+23 1.30150446e+23
 1.23771146e+23 1.18085354e+23 1.13000304e+23 1.08347300e+23
 1.04185939e+23 1.00361905e+23 9.68742791e+22 9.36832714e+22
 9.05892663e+22 8.77801538e+22 8.52206712e+22 8.28802916e+22
 8.07324859e+22 7.87541668e+22 7.69251935e+22 7.52278991e+22
 7.36467253e+22 7.21679435e+22 7.07793247e+22 6.94699046e+22
 6.81738458e+22 6.69157325e+22 6.56720965e+22 6.43615925e+22
 6.30931389e+22 6.18721025e+22 6.06929872e+22 5.95506913e+22
 5.84404452e+22 5.73577404e+22 5.62971973e+22 5.52551798e+22
 5.42046202e+22 5.31065306e+22 5.20127248e+22 5.09259578e+22
 4.98414138e+22 4.87535821e+22 4.76559499e+22 4.65405402e+22
 4.53972066e+22 4.42125145e+22 4.29678038e+22 4.16356744e+22
 4.01729338e+22 3.85055463e+22 3.64946968e+22 3.38593277e+22
 3.00137972e+22]
Sion: [9.09910333e+20 1.24589424e+21 1.74257890e+21 2.18386399e+21
 2.39677290e+21 2.60572795e+21 2.67893527e+21 2.68752582e+21
 2.76219627e+21 3.04690868e+21 3.34872228e+21 3.71577810e+21
 4.11633677e+21 4.53853821e+21 5.01288363e+21 5.49813677e+21
 6.01010204e+21 6.53870602e+21 7.14593264e+21 7.95219592e+21
 8.80005737e+21 9.99433104e+21 1.14284409e+22 1.31642762e+22
 1.56133719e+22 1.83666256e+22 2.14622790e+22 2.48694478e+22
 2.87164237e+22 3.33842252e+22 3.84617824e+22 4.40608911e+22
 5.01100426e+22 5.63832327e+22 6.25593593e+22 6.88947352e+22
 7.46628301e+22 8.01012584e+22 8.52591733e+22 8.90810679e+22
 9.27186415e+22 9.50250360e+22 9.64908922e+22 9.76108014e+22
 9.75674143e+22 9.74415614e+22 9.71095125e+22 9.66494576e+22
 9.62140533e+22 9.60107733e+22 9.58022106e+22 9.61579062e+22
 9.67903330e+22 9.77001954e+22 9.99634945e+22 1.02199069e+23
 1.05647835e+23 1.09669054e+23 1.13980305e+23 1.19375913e+23
 1.23211407e+23 1.25498082e+23 1.27548340e+23 1.29094093e+23
 1.29948945e+23 1.30418714e+23 1.30088824e+23 1.29260604e+23
 1.28227624e+23 1.27076850e+23 1.25698483e+23 1.25533448e+23
 1.25646111e+23 1.28251789e+23 1.37462491e+23 1.45832674e+23
 1.59027276e+23 1.72215905e+23 1.79536568e+23 1.78122468e+23
 1.74521271e+23 1.80554783e+23 1.87689530e+23 1.87682950e+23
 1.78650700e+23 1.68006287e+23 1.54183566e+23 1.39950891e+23
 1.27095838e+23 1.15459925e+23 1.05179757e+23 9.61032909e+22
 8.81031185e+22 8.10424098e+22 7.47528839e+22 6.92264492e+22
 6.43454429e+22 6.00375970e+22 5.62287057e+22 5.28199168e+22
 4.98050459e+22 4.71002421e+22 4.46814176e+22 4.25127162e+22
 4.05090559e+22 3.87172345e+22 3.71089329e+22 3.56598323e+22
 3.43489939e+22 3.31583580e+22 3.20723036e+22 3.10772780e+22
 3.01614855e+22 2.93146293e+22 2.85276641e+22 2.77925969e+22
 2.70863568e+22 2.64128154e+22 2.57623006e+22 2.51095187e+22
 2.44834940e+22 2.38835971e+22 2.33063231e+22 2.27484809e+22
 2.22071414e+22 2.16795831e+22 2.11629512e+22 2.06549340e+22
 2.01469931e+22 1.96277272e+22 1.91101278e+22 1.85936943e+22
 1.80757273e+22 1.75531172e+22 1.70221576e+22 1.64782651e+22
 1.59155518e+22 1.53261466e+22 1.46990193e+22 1.40178425e+22
 1.32566852e+22 1.23708162e+22 1.12760880e+22 9.80267829e+21
 7.60316914e+21]
QH_total: [ 109947.7569179   123188.41259567  143239.51851659  163578.87019764
  182769.61848429  202039.77867173  220364.87048828  238211.24298138
  256558.62610426  276603.41326798  300967.53227958  351626.98067387
  403427.08816286  456304.47531514  510683.72702053  566115.96356126
  622848.69435598  680790.59286151  740844.64791691  805050.70840504
  871305.95999477  939998.59057913 1010694.38861685 1083684.75123885
 1160077.93867806 1246785.430012   1391936.46533684 1543014.60722858
 1701012.72257328 1868549.19025639 2042161.32650131 2223365.92294209
 2411277.01807745 2585483.50047964 2606547.26681289 2625984.51610919
 2640024.86191939 2650223.24564988 2656805.83464562 2576170.52487497
 2438325.5980426  2293500.23984085 2143518.33237403 1991435.59635421
 1864943.74212221 1753020.6329737  1638574.21932416 1522967.52343085
 1408369.86240407 1354508.08379087 1305070.83038988 1263700.67670852
 1226773.34953277 1205212.50013357 1213829.34123359 1222771.68270068
 1241164.65844292 1269791.31175407 1306875.03814915 1349398.98231525
 1288761.40881749 1347627.954147   1405403.02624413 1460062.74617253
 1504680.14660379 1548443.90781244 1581961.95089482 1610566.70215413
 1638725.51919505 1665850.63317472 1692764.72021037 1737136.75024779
 1789595.19904773 1906878.53886725 2199485.04459848 2523503.85109787
 3050265.28907237 3699259.80228041 4225380.35927544 4347805.24778179
 4436885.12625359 4992167.7895541  5791313.29386485 6441111.84980758
 6634696.76634001 6781967.77845883 6649793.88807983 6394521.14639333
 6174056.68788672 6000894.99003168 5843969.35800878 5699520.58465212
 5566334.17645474 5442509.39339162 5323477.8179642  5212682.43037321
 5106439.56028119 5005546.46773842 4909298.47074245 4811254.93051756
 4718784.09833768 4625124.44975547 4533225.31014413 4443147.87821702
 4343269.33191407 4248691.25330951 4159014.41626665 4073880.58737301
 3992962.70799256 3915963.34163884 3842615.58061919 3772674.01658121
 3705912.570986   3642126.22119696 3581125.75371566 3522738.15236452
 3462676.31756183 3403187.73599765 3342961.13964171 3276340.13057174
 3211577.03081888 3149344.05906796 3089500.11258967 3031914.12817669
 2976464.03858353 2923036.29970101 2871447.20734571 2821642.2077209
 2771838.51908908 2719341.28880375 2668139.77253907 2618662.27718618
 2570823.99541877 2524545.3803438  2479750.34898565 2436366.41179094
 2394324.2313485  2353557.66976416 2314000.31467822 2275587.536737
 2238250.84821453 2201914.88840909 2166486.29993457 2131829.72040125
 2097732.08332165]
SideWallH: [0. 0. 0. 0. 0. 0. 0. 0. 0. 0. 0. 0. 0. 0. 0. 0. 0. 0. 0. 0. 0. 0. 0. 0.
 0. 0. 0. 0. 0. 0. 0. 0. 0. 0. 0. 0. 0. 0. 0. 0. 0. 0. 0. 0. 0. 0. 0. 0.
 0. 0. 0. 0. 0. 0. 0. 0. 0. 0. 0. 0. 0. 0. 0. 0. 0. 0. 0. 0. 0. 0. 0. 0.
 0. 0. 0. 0. 0. 0. 0. 0. 0. 0. 0. 0. 0. 0. 0. 0. 0. 0. 0. 0. 0. 0. 0. 0.
 0. 0. 0. 0. 0. 0. 0. 0. 0. 0. 0. 0. 0. 0. 0. 0. 0. 0. 0. 0. 0. 0. 0. 0.
 0. 0. 0. 0. 0. 0. 0. 0. 0. 0. 0. 0. 0. 0. 0. 0. 0. 0. 0. 0. 0. 0. 0. 0.
 0.]
Lyman: [148088.51814158 153602.75681235 140836.42039232 125090.72428483
 118039.61303813 111551.6719864  109795.85962829 110147.94126671
 108393.01200831 100486.34753544  93002.91156601  84945.28291049
  77386.47440826  70611.13988196  64149.38200885  58615.31309009
  53696.76429943  49420.31239629  45376.73463001  41141.77239701
  37598.12510047  35533.95921182  34227.33353995  33466.89873581
  33621.1196753   33905.46291625  34332.10740582  34883.62890079
  35550.3561667   36395.52635753  37404.06612408  38507.720506
  39740.38184087  41066.63465798  42316.40863449  43628.96088369
  44768.17280498  45798.07095726  46752.71722493  47341.13159073
  47848.40361126  47828.6211499   47480.43118624  47033.88146909
  46294.64896823  45540.92387105  44865.36010815  44231.20616026
  43557.00032427  42729.08009226  41907.37730998  40900.46411348
  39823.41701396  38810.47351268  37961.88804943  37157.48960966
  36628.00116993  36250.90481097  36012.65078165  36164.77423446
  35888.15807637  35447.82202857  35104.07486925  34782.99208705
  34629.70627456  34409.46304764  34239.31601892  34046.98397996
  33810.10593808  33586.28028897  33291.56901635  33092.10011974
  32864.09292258  32166.26810623  30665.3480837   29236.58583731
  27592.59723565  26157.02669126  25477.90408223  25952.83705193
  26064.03718973  25667.69881124  24651.62560388  23050.38523904
  21180.80860536  19023.59303133  16932.66702383  14986.92294816
  13188.11210421  11580.51382205  10169.47060824   8942.6321682
   7882.26342255   6970.69184009   6194.45637565   5528.92295777
   4959.00696155   4469.47130164   4047.99379786   3686.43879918
   3372.83591556   3101.80538776   2866.01242536   2660.0887276
   2482.63834498   2325.84218968   2186.72113204   2062.77091666
   1951.88182076   1852.27030986   1762.42432066   1681.05707174
   1607.06944036   1539.51869573   1477.59331282   1420.59022256
   1368.60371678   1320.67325573   1276.51783217   1236.60026005
   1199.24127075   1164.02937497   1130.71194471   1099.0616576
   1068.87259209   1039.95625526   1012.14843048    985.27762455
    959.40893828    934.72428955    910.54716204    886.66752967
    862.93027402    839.16218499    815.16253419    790.68933598
    765.43843909    739.01005138    710.85232267    680.15658984
    645.64954666    605.14747703    554.55685571    485.62617496
    381.45277079]
Balmer: [823.87415105 868.92272124 833.95532001 773.1464492  743.8754387
 715.88485261 708.62353304 710.8958496  703.540832   667.16064566
 631.41069275 591.35217879 552.30168952 516.01831267 480.14860403
 448.40306936 419.29694676 393.24920798 367.97554923 340.78778032
 317.32115492 304.70151076 297.23114872 293.37443925 296.01449929
 298.48802785 300.92983537 303.3473314  305.74694411 308.38221144
 311.62209408 315.06085188 319.10757159 323.76515601 328.1890463
 333.07059573 337.34204096 341.21411095 344.83628248 346.83392569
 348.37616116 347.21232182 344.31172851 340.85846321 335.9481833
 330.91157842 326.32942627 321.98291688 317.37455082 311.80353438
 306.26241613 299.50861668 292.28548109 285.39095788 279.23351312
 273.39779395 269.07111918 265.67728608 263.19678789 263.07326457
 259.95229838 255.38781145 251.54773565 247.99163375 245.55431994
 242.85239005 240.53515155 238.17268256 235.64653241 233.30065251
 230.61973891 228.81580144 227.04978792 223.12639906 215.83032879
 208.8834465  201.46691322 195.18053263 192.91731501 197.48702227
 199.39443034 199.37902422 194.84466487 184.82286358 171.64121496
 155.84383339 139.97506076 124.88067982 110.74711531  97.94683659
  86.61053086  76.66887232  68.00575627  60.49854552  54.05092973
  48.48505034  43.68652646  39.53996223  35.9499076   32.85022812
  30.14945287  27.80155876  25.74874061  23.94732408  22.38096933
  20.99201832  19.75540477  18.64996913  17.65781611  16.763765
  15.95490788  15.22022876  14.55029397  13.93699523  13.37333886
  12.85325639  12.37578836  11.93369868  11.52406807  11.14858707
  10.79626561  10.46384455  10.1490964    9.85001811   9.56479745
   9.29177892   9.0294917    8.77645906   8.53255967   8.2983308
   8.06957061   7.84468439   7.62235964   7.40114681   7.17938285
   6.95508172   6.72576755   6.48820776   6.23796191   5.96854758
   5.66978034   5.32421757   4.89918916   4.32889652   3.47873626]
tiempo_ejecución: 45.506816148757935
