x: [0.13734576 0.13784188 0.13833801 0.13883413 0.13933025 0.13982639
 0.1403225  0.14081863 0.14131476 0.14181088 0.142307   0.14280313
 0.14329925 0.14379537 0.1442915  0.14478762 0.14528374 0.14577988
 0.146276   0.14677212 0.14726824 0.14776437 0.14826049 0.14875661
 0.14925274 0.14974886 0.15024498 0.15074112 0.15123723 0.15173335
 0.15222949 0.1527256  0.15322173 0.15371786 0.15421398 0.1547101
 0.15520623 0.15570235 0.15619847 0.1566946  0.15719073 0.15768684
 0.15818298 0.1586791  0.15917522 0.15967135 0.16016747 0.16066359
 0.16115972 0.16165584 0.16215196 0.16264808 0.16314422 0.16364034
 0.16413647 0.16463259 0.16512871 0.16562483 0.16612096 0.16661708
 0.16711321 0.16760933 0.16810545 0.16860157 0.1690977  0.16959383
 0.17008996 0.17058608 0.1710822  0.17157832 0.17207445 0.17257057
 0.17306669 0.17356282 0.17405894 0.17455506 0.1750512  0.17554732
 0.17604344 0.17653957 0.17703569 0.17753181 0.17802793 0.17852406
 0.17902018 0.17951632 0.18001243 0.18050855 0.18100467 0.1815008
 0.18199693 0.18249306 0.18298918 0.1834853  0.18398142 0.18447755
 0.18497367 0.1854698  0.18596593 0.18646204 0.18695816 0.1874543
 0.18795042 0.18844655 0.18894267 0.18943879 0.18993491 0.19043104
 0.19092716 0.19142328 0.19191942 0.19241554 0.19291165 0.19340779
 0.19390391 0.19440003 0.19489616 0.19539228 0.1958884  0.19638452
 0.19688065 0.19737677 0.1978729  0.19836903 0.19886515 0.19936126
 0.1998574  0.20035352 0.20084965 0.20134577], tipo: <class 'numpy.ndarray'>, len(x): 130
xlimiter: 0.15163224935531616, tipo: <class 'numpy.float32'>
xsep: 0.1713457703590393, tipo: <class 'numpy.float32'>
GaugeH2: 1.742844820022583, tipo: <class 'numpy.float32'>
mu: 2.0, tipo: <class 'numpy.float32'>
Ti: [  9.346788    9.346788    9.346788    9.346788    9.346788    9.346788
   9.346788    9.346788    9.346788    9.346788    9.346788    9.346788
   9.346788    9.346788    9.346788    9.37206     9.4004345   9.624148
   9.875762   10.370568   10.90517    11.469928   12.040251   12.702477
  13.383801   14.081838   14.783736   15.42812    16.057816   16.584644
  17.08268    17.453669   17.78577    17.957846   18.076569   18.108105
  18.108105   18.108105   18.108105   18.108105   18.108105   18.125433
  18.150639   18.26326    18.418575   18.679922   18.996798   19.410242
  19.877872   20.40856    20.97709    21.565647   22.16706    22.764914
  23.360361   23.9812     24.620579   25.392778   26.268322   27.474697
  28.955278   30.725021   32.749928   35.23519    38.153008   41.74346
  46.006775   50.382103   54.876816   59.482197   64.21314    68.69107
  72.863785   77.027374   81.17896    85.28163    89.3174     93.349945
  97.37795   101.399826  105.411804  109.42316   113.43344   117.44274
 121.449936  125.45725   129.46445   133.47168   137.47894   141.4863
 145.4935    149.50082   153.50801   157.51518   161.5223    165.52945
 169.53635   173.54335   177.55023   181.5571    185.56398   189.57098
 193.57787   197.58487   201.59174   205.59862   209.60555   213.61258
 217.61948   221.62636   225.63335   229.64021   233.6471    237.65408
 241.66096   245.66783   249.67484   253.68172   257.68857   261.69543
 265.7025    269.70944   273.71643   277.7233    281.7302    285.73706
 289.74405   293.75095   297.75793   301.7648   ], tipo: <class 'numpy.ndarray'>, len(Ti): 130
Te: [  9.346788    9.346788    9.346788    9.346788    9.346788    9.346788
   9.346788    9.346788    9.346788    9.346788    9.346788    9.346788
   9.346788    9.346788    9.346788    9.37206     9.4004345   9.624148
   9.875762   10.370568   10.90517    11.469928   12.040251   12.702477
  13.383801   14.081838   14.783736   15.42812    16.057816   16.584644
  17.08268    17.453669   17.78577    17.957846   18.076569   18.108105
  18.108105   18.108105   18.108105   18.108105   18.108105   18.125433
  18.150639   18.26326    18.418575   18.679922   18.996798   19.410242
  19.877872   20.40856    20.97709    21.565647   22.16706    22.764914
  23.360361   23.9812     24.620579   25.392778   26.268322   27.474697
  28.955278   30.725021   32.749928   35.23519    38.153008   41.74346
  46.006775   50.382103   54.876816   59.482197   64.21314    68.69107
  72.863785   77.027374   81.17896    85.28163    89.3174     93.349945
  97.37795   101.399826  105.411804  109.42316   113.43344   117.44274
 121.449936  125.45725   129.46445   133.47168   137.47894   141.4863
 145.4935    149.50082   153.50801   157.51518   161.5223    165.52945
 169.53635   173.54335   177.55023   181.5571    185.56398   189.57098
 193.57787   197.58487   201.59174   205.59862   209.60555   213.61258
 217.61948   221.62636   225.63335   229.64021   233.6471    237.65408
 241.66096   245.66783   249.67484   253.68172   257.68857   261.69543
 265.7025    269.70944   273.71643   277.7233    281.7302    285.73706
 289.74405   293.75095   297.75793   301.7648   ], tipo: <class 'numpy.ndarray'>, len(Te): 130
n: [8.5297624e+17 1.4258402e+18 1.9987215e+18 2.2357028e+18 2.4673445e+18
 2.4745873e+18 2.4745873e+18 2.7879981e+18 3.1168356e+18 3.5421474e+18
 3.9738915e+18 4.4759175e+18 4.9838850e+18 5.5214318e+18 6.0620562e+18
 6.8366259e+18 7.6399230e+18 8.5403532e+18 9.4546290e+18 1.0543060e+19
 1.1659989e+19 1.2805314e+19 1.3955856e+19 1.5299319e+19 1.6682869e+19
 1.8147026e+19 1.9629794e+19 2.1040274e+19 2.2432271e+19 2.3640331e+19
 2.4796916e+19 2.5696675e+19 2.6517828e+19 2.7080850e+19 2.7557803e+19
 2.7849811e+19 2.8074932e+19 2.8239520e+19 2.8380427e+19 2.8602429e+19
 2.8858668e+19 2.9316309e+19 2.9865522e+19 3.0683176e+19 3.1631942e+19
 3.2835690e+19 3.4172942e+19 3.5663480e+19 3.7240054e+19 3.8812958e+19
 4.0383685e+19 4.1810676e+19 4.3145553e+19 4.4316555e+19 4.5375486e+19
 4.6441137e+19 4.7511709e+19 4.8957163e+19 5.0694272e+19 5.5184220e+19
 6.1955519e+19 7.1300145e+19 8.2915377e+19 9.0998230e+19 9.5762818e+19
 1.0630488e+20 1.2262505e+20 1.3517230e+20 1.4370385e+20 1.4955204e+20
 1.5235897e+20 1.5510265e+20 1.5777007e+20 1.6041852e+20 1.6304241e+20
 1.6556578e+20 1.6795144e+20 1.7029106e+20 1.7256348e+20 1.7474315e+20
 1.7677791e+20 1.7871576e+20 1.8049203e+20 1.8209835e+20 1.8340164e+20
 1.8470494e+20 1.8600822e+20 1.8731148e+20 1.8861478e+20 1.8991810e+20
 1.9122136e+20 1.9252468e+20 1.9382796e+20 1.9507108e+20 1.9616046e+20
 1.9712310e+20 1.9773527e+20 1.9834745e+20 1.9895960e+20 1.9957176e+20
 2.0018393e+20 2.0079503e+20 2.0140224e+20 2.0194732e+20 2.0224841e+20
 2.0254950e+20 2.0285061e+20 2.0315171e+20 2.0345282e+20 2.0375391e+20
 2.0405502e+20 2.0435613e+20 2.0465722e+20 2.0495834e+20 2.0525943e+20
 2.0556054e+20 2.0586163e+20 2.0616272e+20 2.0646383e+20 2.0676494e+20
 2.0706605e+20 2.0736715e+20 2.0766826e+20 2.0796935e+20 2.0827046e+20
 2.0857157e+20 2.0887268e+20 2.0917377e+20 2.0947487e+20 2.0977596e+20], tipo: <class 'numpy.ndarray'>, len(n): 130
vxi: [0. 0. 0. 0. 0. 0. 0. 0. 0. 0. 0. 0. 0. 0. 0. 0. 0. 0. 0. 0. 0. 0. 0. 0.
 0. 0. 0. 0. 0. 0. 0. 0. 0. 0. 0. 0. 0. 0. 0. 0. 0. 0. 0. 0. 0. 0. 0. 0.
 0. 0. 0. 0. 0. 0. 0. 0. 0. 0. 0. 0. 0. 0. 0. 0. 0. 0. 0. 0. 0. 0. 0. 0.
 0. 0. 0. 0. 0. 0. 0. 0. 0. 0. 0. 0. 0. 0. 0. 0. 0. 0. 0. 0. 0. 0. 0. 0.
 0. 0. 0. 0. 0. 0. 0. 0. 0. 0. 0. 0. 0. 0. 0. 0. 0. 0. 0. 0. 0. 0. 0. 0.
 0. 0. 0. 0. 0. 0. 0. 0. 0. 0.], tipo: <class 'numpy.ndarray'>, len(vxi): 130
LC: [0.8        0.8        0.8        0.8        0.8        0.8
 0.8        0.8        0.8        0.8        0.8        0.8
 0.8        0.8        0.8        0.8        0.8        0.8
 0.8        0.8        0.8        0.8        0.8        0.8
 0.8        0.8        0.8        0.8        0.8        0.48993266
 0.0930202  0.         0.         0.         0.         0.
 0.         0.         0.         0.         0.         0.
 0.         0.         0.         0.         0.         0.
 0.         0.         0.         0.         0.         0.
 0.         0.         0.         0.         0.         0.
 0.         0.         0.         0.         0.         0.
 0.         0.         0.         0.         0.         0.
 0.         0.         0.         0.         0.         0.
 0.         0.         0.         0.         0.         0.
 0.         0.         0.         0.         0.         0.
 0.         0.         0.         0.         0.         0.
 0.         0.         0.         0.         0.         0.
 0.         0.         0.         0.         0.         0.
 0.         0.         0.         0.         0.         0.
 0.         0.         0.         0.         0.         0.
 0.         0.         0.         0.         0.         0.
 0.         0.         0.         0.        ], tipo: <class 'numpy.ndarray'>, len(LC): 130
PipeDia: [0. 0. 0. 0. 0. 0. 0. 0. 0. 0. 0. 0. 0. 0. 0. 0. 0. 0. 0. 0. 0. 0. 0. 0.
 0. 0. 0. 0. 0. 0. 0. 0. 0. 0. 0. 0. 0. 0. 0. 0. 0. 0. 0. 0. 0. 0. 0. 0.
 0. 0. 0. 0. 0. 0. 0. 0. 0. 0. 0. 0. 0. 0. 0. 0. 0. 0. 0. 0. 0. 0. 0. 0.
 0. 0. 0. 0. 0. 0. 0. 0. 0. 0. 0. 0. 0. 0. 0. 0. 0. 0. 0. 0. 0. 0. 0. 0.
 0. 0. 0. 0. 0. 0. 0. 0. 0. 0. 0. 0. 0. 0. 0. 0. 0. 0. 0. 0. 0. 0. 0. 0.
 0. 0. 0. 0. 0. 0. 0. 0. 0. 0.], tipo: <class 'numpy.ndarray'>, len(PipeDia): 130
nv_h2: 40, tipo: <class 'int'>
nv_h: 40, tipo: <class 'int'>
truncate: 0.001, tipo: <class 'float'>
refine: 0, tipo: <class 'int'>
File: , tipo: <class 'str'>, len(File): 0
NewFile: 0, tipo: <class 'int'>
ReadInput: 0, tipo: <class 'int'>
error: 0, tipo: <class 'int'>
compute_errors: 0, tipo: <class 'int'>
plot: 0, tipo: <class 'int'>
debug: 0, tipo: <class 'int'>
debrief: 0, tipo: <class 'int'>
pause: 0, tipo: <class 'int'>
Hplot: 0, tipo: <class 'int'>
Hdebug: 0, tipo: <class 'int'>
Hdebrief: 0, tipo: <class 'int'>
Hpause: 0, tipo: <class 'int'>
H2plot: 0, tipo: <class 'int'>
H2debug: 0, tipo: <class 'int'>
H2debrief: 0, tipo: <class 'int'>
H2pause: 0, tipo: <class 'int'>
adas_rec_h1s: None, tipo: <class 'NoneType'>
adas_ion_h0: None, tipo: <class 'NoneType'>
adas_qcx_h0: None, tipo: <class 'NoneType'>
