vr: [0.06271137 0.13724259 0.22359367 0.32176461 0.4317554  0.55356604
 0.68719655 0.83264691 0.98991712 1.1590072  1.33991712 1.53264691
 1.73719655 1.95356604 2.1817554  2.42176461 2.67359367 2.93724259
 3.21271137 3.5       ], tipo: <class 'numpy.ndarray'>, len(vr): (20,)
vx: [-3.5        -3.21271137 -2.93724259 -2.67359367 -2.42176461 -2.1817554
 -1.95356604 -1.73719655 -1.53264691 -1.33991712 -1.1590072  -0.98991712
 -0.83264691 -0.68719655 -0.55356604 -0.4317554  -0.32176461 -0.22359367
 -0.13724259 -0.06271137  0.06271137  0.13724259  0.22359367  0.32176461
  0.4317554   0.55356604  0.68719655  0.83264691  0.98991712  1.1590072
  1.33991712  1.53264691  1.73719655  1.95356604  2.1817554   2.42176461
  2.67359367  2.93724259  3.21271137  3.5       ], tipo: <class 'numpy.ndarray'>, len(vx): (40,)
Tnorm: 74.3179779562261, tipo: <class 'numpy.float64'>
vx_shift: [ 463.7734928   466.607085    472.59303086  480.56001209  488.13262314
  494.26721736  500.77551058  507.14977028  513.39271452  520.10545065
  527.76307883  536.50157863  546.47697357  557.73584066  570.36806887
  584.36816513  599.83151224  616.69435842  634.99463353  646.2323603
  647.3794833   649.0131186   651.16363573  653.76695109  656.80210532
  660.18066571  663.61539393  666.5500236   668.60704839  629.03319128
  559.09048088  478.19979973  384.38796794  275.26380963  183.54798032
  341.45629485  515.65081141  709.23355369  928.36855435 1249.52528617
 1646.01845052 2146.40799416 2676.81336237 2745.67155669 2813.02993998
 2880.0064726  2944.96110001 3007.68644701 3071.03694447 3136.70033264
 3201.30880008 3268.50528092 3340.63298751 3419.76616149 3504.67393648
 3599.19752079 3713.88845447 3847.21700979 4002.14708874 4216.21095655
 4472.21586454 4815.85695149 5288.52607125   60.17334594   91.60224811
  122.80591898  153.75218643  184.41799975  214.80663295  244.93953731
  274.84583889  304.56152077  334.1241696   363.86022159  394.32292971
  425.94297789  459.08309161  494.05247036  530.20584848  566.09226848
  600.89043942  634.7610414   668.33347981  701.38989333  732.8635148
  761.83664227  787.57854635  809.50990489  827.24955691  840.5620009
  849.16406501  852.80307344  851.28341969  844.45559192  832.23433665
  814.63969454  791.83678289  764.14109263  732.01895762  696.09524097
  657.12918529  615.97984882  573.56365403  530.80480866  488.58566118
  447.68709826  408.74250016  372.23753265  338.51794354  307.80017215
  280.18901691  255.69901118  234.27659405  215.82098201  200.20246036
  187.27850371  176.90658147  168.95277176  163.29780083  159.84354521
  158.51591476  159.26778982  162.08519124  166.99088547  174.04842894
  183.36735653  195.10998621  209.50022053  226.83415434  247.48812126
  271.94697226  300.84112821  334.97916476  375.40278091  423.46770218
  480.96535282  550.31379091  634.87336246  739.50310607  871.61951431
 1043.41379241 1277.0984715  1619.52126186 2193.80072271 3475.0904495 ], tipo: <class 'numpy.ndarray'>, len(vx_shift): (145,)
Tmaxwell: [1.07458243 1.07411291 1.07330848 1.07237226 1.07139482 1.07046371
 1.06952469 1.06857025 1.06762886 1.06664294 1.06562501 1.06452486
 1.06335018 1.06206734 1.06070972 1.05931935 1.05777014 1.05612613
 1.05442032 1.05255237 1.05059097 1.04858941 1.04645857 1.04418413
 1.04194452 1.03952007 1.03695597 1.0343753  1.03178785 1.0290448
 1.02625484 1.02368735 1.02149776 1.01931148 1.01789071 1.02041256
 1.0233504  1.02576286 1.02782064 1.02929647 1.02844618 1.02140306
 1.01990804 1.03097577 1.04267875 1.0549926  1.07574851 1.10321339
 1.13134163 1.16130422 1.21920798 1.27812609 1.33834572 1.43592426
 1.55629089 1.67884027 1.86839423 2.11781743 2.37124599 2.8283328
 3.34877023 4.04774655 5.09852383 1.05918155 1.0609074  1.06264278
 1.06439027 1.06615266 1.06793572 1.0697475  1.07159797 1.07350328
 1.07548384 1.0775914  1.07990805 1.0825156  1.08550447 1.08897886
 1.09296761 1.09740772 1.10227884 1.10769784 1.11389861 1.12095543
 1.12872648 1.13707211 1.14587135 1.15500199 1.16437847 1.17398501
 1.18380939 1.19384194 1.20407277 1.21448804 1.22506942 1.23579754
 1.24665448 1.25762404 1.26869103 1.27984204 1.29106715 1.30236066
 1.31371894 1.32513818 1.33661219 1.34813479 1.35970274 1.37131068
 1.38294831 1.39460032 1.40624668 1.41786342 1.42942349 1.44089767
 1.45225549 1.46346521 1.4744935  1.48530609 1.49586923 1.50614732
 1.51610841 1.52572907 1.53498868 1.54386805 1.55234912 1.56041484
 1.56804891 1.57523567 1.58195961 1.5882041  1.59395542 1.59920598
 1.60395279 1.60819961 1.61196075 1.61526728 1.6181772  1.62079327
 1.62329647 1.62601365 1.62956524 1.6352098  1.64570924 1.66777864
 1.72090028], tipo: <class 'numpy.ndarray'>, len(Tmaxwell): (145,)
Shifted_Maxwellian_Debug: 0, tipo: <class 'int'>
mu: 2.0, tipo: <class 'numpy.float32'>
mol: 1, tipo: <class 'int'>
nx: 145, tipo: <class 'int'>
nvx: 40, tipo: <class 'int'>
nvr: 20, tipo: <class 'int'>
vth: 84372.93085241246, tipo: <class 'numpy.float64'>
vth2: 7118791460.625975, tipo: <class 'numpy.float64'>
maxwell: [[[2.93554216e-33 2.93554216e-33 2.93554216e-33 ... 2.93554216e-33
   2.93554216e-33 2.93554216e-33]
  [2.93554216e-33 2.93554216e-33 2.93554216e-33 ... 2.93554216e-33
   2.93554216e-33 2.93554216e-33]
  [2.93554216e-33 2.93554216e-33 2.93554216e-33 ... 2.93554216e-33
   2.93554216e-33 2.93554216e-33]
  ...
  [2.93554216e-33 2.93554216e-33 2.93554216e-33 ... 2.93554216e-33
   2.93554216e-33 2.93554216e-33]
  [2.93554216e-33 2.93554216e-33 2.93554216e-33 ... 2.93554216e-33
   2.93554216e-33 2.93554216e-33]
  [2.93554216e-33 2.93554216e-33 2.93554216e-33 ... 2.93554216e-33
   2.93554216e-33 2.93554216e-33]]

 [[2.92887807e-33 2.92887807e-33 2.92887807e-33 ... 2.92887807e-33
   2.92887807e-33 2.92887807e-33]
  [2.92887807e-33 2.92887807e-33 2.92887807e-33 ... 2.92887807e-33
   2.92887807e-33 2.92887807e-33]
  [2.92887807e-33 2.92887807e-33 2.92887807e-33 ... 2.92887807e-33
   2.92887807e-33 2.92887807e-33]
  ...
  [2.92887807e-33 2.92887807e-33 2.92887807e-33 ... 2.92887807e-33
   2.92887807e-33 2.92887807e-33]
  [2.92887807e-33 2.92887807e-33 2.92887807e-33 ... 2.92887807e-33
   2.92887807e-33 2.92887807e-33]
  [2.92887807e-33 2.92887807e-33 2.92887807e-33 ... 2.92887807e-33
   2.92887807e-33 2.92887807e-33]]

 [[2.91673491e-33 2.91673491e-33 2.91673491e-33 ... 2.91673491e-33
   2.91673491e-33 2.91673491e-33]
  [2.91673491e-33 2.91673491e-33 2.91673491e-33 ... 2.91673491e-33
   2.91673491e-33 2.91673491e-33]
  [2.91673491e-33 2.91673491e-33 2.91673491e-33 ... 2.91673491e-33
   2.91673491e-33 2.91673491e-33]
  ...
  [2.91673491e-33 2.91673491e-33 2.91673491e-33 ... 2.91673491e-33
   2.91673491e-33 2.91673491e-33]
  [2.91673491e-33 2.91673491e-33 2.91673491e-33 ... 2.91673491e-33
   2.91673491e-33 2.91673491e-33]
  [2.91673491e-33 2.91673491e-33 2.91673491e-33 ... 2.91673491e-33
   2.91673491e-33 2.91673491e-33]]

 ...

 [[6.97659250e-34 6.97659250e-34 6.97659250e-34 ... 6.97659250e-34
   6.97659250e-34 6.97659250e-34]
  [6.97659250e-34 6.97659250e-34 6.97659250e-34 ... 6.97659250e-34
   6.97659250e-34 6.97659250e-34]
  [6.97659250e-34 6.97659250e-34 6.97659250e-34 ... 6.97659250e-34
   6.97659250e-34 6.97659250e-34]
  ...
  [6.97659250e-34 6.97659250e-34 6.97659250e-34 ... 6.97659250e-34
   6.97659250e-34 6.97659250e-34]
  [6.97659250e-34 6.97659250e-34 6.97659250e-34 ... 6.97659250e-34
   6.97659250e-34 6.97659250e-34]
  [6.97659250e-34 6.97659250e-34 6.97659250e-34 ... 6.97659250e-34
   6.97659250e-34 6.97659250e-34]]

 [[7.31237418e-34 7.31237418e-34 7.31237418e-34 ... 7.31237418e-34
   7.31237418e-34 7.31237418e-34]
  [7.31237418e-34 7.31237418e-34 7.31237418e-34 ... 7.31237418e-34
   7.31237418e-34 7.31237418e-34]
  [7.31237418e-34 7.31237418e-34 7.31237418e-34 ... 7.31237418e-34
   7.31237418e-34 7.31237418e-34]
  ...
  [7.31237418e-34 7.31237418e-34 7.31237418e-34 ... 7.31237418e-34
   7.31237418e-34 7.31237418e-34]
  [7.31237418e-34 7.31237418e-34 7.31237418e-34 ... 7.31237418e-34
   7.31237418e-34 7.31237418e-34]
  [7.31237418e-34 7.31237418e-34 7.31237418e-34 ... 7.31237418e-34
   7.31237418e-34 7.31237418e-34]]

 [[8.95792226e-34 8.95792226e-34 8.95792226e-34 ... 8.95792226e-34
   8.95792226e-34 8.95792226e-34]
  [8.95792226e-34 8.95792226e-34 8.95792226e-34 ... 8.95792226e-34
   8.95792226e-34 8.95792226e-34]
  [8.95792226e-34 8.95792226e-34 8.95792226e-34 ... 8.95792226e-34
   8.95792226e-34 8.95792226e-34]
  ...
  [8.95792226e-34 8.95792226e-34 8.95792226e-34 ... 8.95792226e-34
   8.95792226e-34 8.95792226e-34]
  [8.95792226e-34 8.95792226e-34 8.95792226e-34 ... 8.95792226e-34
   8.95792226e-34 8.95792226e-34]
  [8.95792226e-34 8.95792226e-34 8.95792226e-34 ... 8.95792226e-34
   8.95792226e-34 8.95792226e-34]]], tipo: <class 'numpy.ndarray'>, len(maxwell): (145, 40, 20)
vr2vx2_ran2: [[1.31341328e+01 1.31490357e+01 1.31801943e+01 1.32337326e+01
  1.33166129e+01 1.34366355e+01 1.36024392e+01 1.38235010e+01
  1.41101360e+01 1.44734978e+01 1.49255780e+01 1.54792067e+01
  1.61480520e+01 1.69466204e+01 1.78902567e+01 1.89951439e+01
  2.02783032e+01 2.17575942e+01 2.34517145e+01 2.53802001e+01]
 [1.11346514e+01 1.11495542e+01 1.11807128e+01 1.12342511e+01
  1.13171314e+01 1.14371540e+01 1.16029578e+01 1.18240195e+01
  1.21106546e+01 1.24740163e+01 1.29260966e+01 1.34797252e+01
  1.41485705e+01 1.49471389e+01 1.58907753e+01 1.69956625e+01
  1.82788218e+01 1.97581127e+01 2.14522330e+01 2.33807187e+01]
 [9.37245624e+00 9.38735905e+00 9.41851766e+00 9.47205599e+00
  9.55493625e+00 9.67495889e+00 9.84076262e+00 1.00618244e+01
  1.03484594e+01 1.07118212e+01 1.11639014e+01 1.17175301e+01
  1.23863754e+01 1.31849438e+01 1.41285801e+01 1.52334673e+01
  1.65166266e+01 1.79959176e+01 1.96900379e+01 2.16185235e+01]
 [7.82801145e+00 7.84291426e+00 7.87407286e+00 7.92761119e+00
  8.01049145e+00 8.13051410e+00 8.29631783e+00 8.51737960e+00
  8.80401464e+00 9.16737641e+00 9.61945663e+00 1.01730853e+01
  1.08419306e+01 1.16404990e+01 1.25841353e+01 1.36890225e+01
  1.49721818e+01 1.64514728e+01 1.81455931e+01 2.00740787e+01]
 [6.48261923e+00 6.49752205e+00 6.52868065e+00 6.58221898e+00
  6.66509924e+00 6.78512188e+00 6.95092561e+00 7.17198739e+00
  7.45862243e+00 7.82198420e+00 8.27406441e+00 8.82769306e+00
  9.49653836e+00 1.02951068e+01 1.12387431e+01 1.23436303e+01
  1.36267896e+01 1.51060806e+01 1.68002008e+01 1.87286865e+01]
 [5.31842010e+00 5.33332291e+00 5.36448151e+00 5.41801985e+00
  5.50090011e+00 5.62092275e+00 5.78672648e+00 6.00778826e+00
  6.29442330e+00 6.65778506e+00 7.10986528e+00 7.66349393e+00
  8.33233923e+00 9.13090767e+00 1.00745440e+01 1.11794312e+01
  1.24625905e+01 1.39418814e+01 1.56360017e+01 1.75644874e+01]
 [4.31839280e+00 4.33329562e+00 4.36445422e+00 4.41799255e+00
  4.50087281e+00 4.62089545e+00 4.78669918e+00 5.00776096e+00
  5.29439600e+00 5.65775777e+00 6.10983799e+00 6.66346663e+00
  7.33231193e+00 8.13088038e+00 9.07451670e+00 1.01794039e+01
  1.14625632e+01 1.29418541e+01 1.46359744e+01 1.65644601e+01]
 [3.46635435e+00 3.48125716e+00 3.51241576e+00 3.56595410e+00
  3.64883436e+00 3.76885700e+00 3.93466073e+00 4.15572251e+00
  4.44235755e+00 4.80571931e+00 5.25779953e+00 5.81142818e+00
  6.48027348e+00 7.27884192e+00 8.22247825e+00 9.32736544e+00
  1.06105247e+01 1.20898157e+01 1.37839360e+01 1.57124216e+01]
 [2.74696000e+00 2.76186282e+00 2.79302142e+00 2.84655975e+00
  2.92944001e+00 3.04946265e+00 3.21526638e+00 3.43632816e+00
  3.72296320e+00 4.08632497e+00 4.53840519e+00 5.09203383e+00
  5.76087913e+00 6.55944758e+00 7.50308390e+00 8.60797109e+00
  9.89113040e+00 1.13704213e+01 1.30645416e+01 1.49930273e+01]
 [2.14570328e+00 2.16060609e+00 2.19176469e+00 2.24530303e+00
  2.32818329e+00 2.44820593e+00 2.61400966e+00 2.83507144e+00
  3.12170648e+00 3.48506824e+00 3.93714846e+00 4.49077711e+00
  5.15962241e+00 5.95819085e+00 6.90182717e+00 8.00671437e+00
  9.28987367e+00 1.07691646e+01 1.24632849e+01 1.43917706e+01]
 [1.64891595e+00 1.66381876e+00 1.69497736e+00 1.74851569e+00
  1.83139595e+00 1.95141860e+00 2.11722233e+00 2.33828411e+00
  2.62491914e+00 2.98828091e+00 3.44036113e+00 3.99398978e+00
  4.66283508e+00 5.46140352e+00 6.40503984e+00 7.50992703e+00
  8.79308634e+00 1.02723773e+01 1.19664976e+01 1.38949832e+01]
 [1.24376803e+00 1.25867085e+00 1.28982945e+00 1.34336778e+00
  1.42624804e+00 1.54627068e+00 1.71207441e+00 1.93313619e+00
  2.21977123e+00 2.58313300e+00 3.03521321e+00 3.58884186e+00
  4.25768716e+00 5.05625561e+00 5.99989193e+00 7.10477912e+00
  8.38793843e+00 9.86722935e+00 1.15613496e+01 1.34898353e+01]
 [9.18267811e-01 9.33170624e-01 9.64329225e-01 1.01786756e+00
  1.10074782e+00 1.22077046e+00 1.38657419e+00 1.60763597e+00
  1.89427101e+00 2.25763277e+00 2.70971299e+00 3.26334164e+00
  3.93218694e+00 4.73075538e+00 5.67439171e+00 6.77927890e+00
  8.06243821e+00 9.54172913e+00 1.12358494e+01 1.31643351e+01]
 [6.61261817e-01 6.76164630e-01 7.07323230e-01 7.60861562e-01
  8.43741824e-01 9.63764467e-01 1.12956820e+00 1.35062997e+00
  1.63726501e+00 2.00062678e+00 2.45270700e+00 3.00633564e+00
  3.67518095e+00 4.47374939e+00 5.41738571e+00 6.52227290e+00
  7.80543221e+00 9.28472314e+00 1.09788434e+01 1.29073291e+01]
 [4.62434835e-01 4.77337648e-01 5.08496249e-01 5.62034581e-01
  6.44914842e-01 7.64937485e-01 9.30741215e-01 1.15180299e+00
  1.43843803e+00 1.80179980e+00 2.25388002e+00 2.80750866e+00
  3.47635397e+00 4.27492241e+00 5.21855873e+00 6.32344592e+00
  7.60660523e+00 9.08589615e+00 1.07800164e+01 1.27085021e+01]
 [3.12309906e-01 3.27212719e-01 3.58371320e-01 4.11909652e-01
  4.94789913e-01 6.14812556e-01 7.80616286e-01 1.00167806e+00
  1.28831310e+00 1.65167487e+00 2.10375509e+00 2.65738373e+00
  3.32622904e+00 4.12479748e+00 5.06843380e+00 6.17332099e+00
  7.45648030e+00 8.93577123e+00 1.06298915e+01 1.25583772e+01]
 [2.02248324e-01 2.17151137e-01 2.48309738e-01 3.01848070e-01
  3.84728331e-01 5.04750974e-01 6.70554704e-01 8.91616481e-01
  1.17825152e+00 1.54161329e+00 1.99369351e+00 2.54732215e+00
  3.21616745e+00 4.01473590e+00 4.95837222e+00 6.06325941e+00
  7.34641872e+00 8.82570964e+00 1.05198299e+01 1.24483156e+01]
 [1.24449637e-01 1.39352450e-01 1.70511050e-01 2.24049382e-01
  3.06929644e-01 4.26952287e-01 5.92756017e-01 8.13817794e-01
  1.10045283e+00 1.46381460e+00 1.91589482e+00 2.46952346e+00
  3.13836877e+00 3.93693721e+00 4.88057353e+00 5.98546072e+00
  7.26862003e+00 8.74791096e+00 1.04420312e+01 1.23705169e+01]
 [7.19516465e-02 8.68544595e-02 1.18013060e-01 1.71551392e-01
  2.54431653e-01 3.74454296e-01 5.40258026e-01 7.61319804e-01
  1.04795484e+00 1.41131661e+00 1.86339683e+00 2.41702547e+00
  3.08587078e+00 3.88443922e+00 4.82807554e+00 5.93296273e+00
  7.21612204e+00 8.69541297e+00 1.03895333e+01 1.23180189e+01]
 [3.86304090e-02 5.35332220e-02 8.46918225e-02 1.38230154e-01
  2.21110416e-01 3.41133059e-01 5.06936789e-01 7.27998566e-01
  1.01463360e+00 1.37799537e+00 1.83007559e+00 2.38370424e+00
  3.05254954e+00 3.85111798e+00 4.79475430e+00 5.89964150e+00
  7.18280080e+00 8.66209173e+00 1.03562120e+01 1.22846977e+01]
 [7.63549095e-03 2.25383040e-02 5.36969045e-02 1.07235236e-01
  1.90115498e-01 3.10138141e-01 4.75941871e-01 6.97003648e-01
  9.83638687e-01 1.34700045e+00 1.79908067e+00 2.35270932e+00
  3.02155462e+00 3.82012306e+00 4.76375939e+00 5.86864658e+00
  7.15180589e+00 8.63109681e+00 1.03252171e+01 1.22537028e+01]
 [4.11987955e-03 1.90226926e-02 5.01812931e-02 1.03719625e-01
  1.86599886e-01 3.06622529e-01 4.72426259e-01 6.93488037e-01
  9.80123075e-01 1.34348484e+00 1.79556506e+00 2.34919371e+00
  3.01803901e+00 3.81660745e+00 4.76024377e+00 5.86513097e+00
  7.14829027e+00 8.62758120e+00 1.03217015e+01 1.22501872e+01]
 [1.39390902e-02 2.88419032e-02 6.00005037e-02 1.13538836e-01
  1.96419097e-01 3.16441740e-01 4.82245470e-01 7.03307247e-01
  9.89942286e-01 1.35330405e+00 1.80538427e+00 2.35901292e+00
  3.02785822e+00 3.82642666e+00 4.77006299e+00 5.87495018e+00
  7.15810949e+00 8.63740041e+00 1.03315207e+01 1.22600064e+01]
 [4.32170668e-02 5.81198799e-02 8.92784804e-02 1.42816812e-01
  2.25697074e-01 3.45719717e-01 5.11523447e-01 7.32585224e-01
  1.01922026e+00 1.38258203e+00 1.83466225e+00 2.38829089e+00
  3.05713620e+00 3.85570464e+00 4.79934096e+00 5.90422815e+00
  7.18738746e+00 8.66667839e+00 1.03607987e+01 1.22892844e+01]
 [9.89160075e-02 1.13818821e-01 1.44977421e-01 1.98515753e-01
  2.81396014e-01 4.01418657e-01 5.67222387e-01 7.88284165e-01
  1.07491920e+00 1.43828097e+00 1.89036119e+00 2.44398984e+00
  3.11283514e+00 3.91140358e+00 4.85503990e+00 5.95992709e+00
  7.24308640e+00 8.72237733e+00 1.04164976e+01 1.23449833e+01]
 [1.88836364e-01 2.03739177e-01 2.34897778e-01 2.88436110e-01
  3.71316371e-01 4.91339014e-01 6.57142744e-01 8.78204521e-01
  1.16483956e+00 1.52820133e+00 1.98028155e+00 2.53391019e+00
  3.20275549e+00 4.00132394e+00 4.94496026e+00 6.04984745e+00
  7.33300676e+00 8.81229768e+00 1.05064180e+01 1.24349036e+01]
 [3.21616843e-01 3.36519656e-01 3.67678256e-01 4.21216588e-01
  5.04096850e-01 6.24119492e-01 7.89923222e-01 1.01098500e+00
  1.29762004e+00 1.66098181e+00 2.11306202e+00 2.66669067e+00
  3.33553597e+00 4.13410442e+00 5.07774074e+00 6.18262793e+00
  7.46578724e+00 8.94507816e+00 1.06391985e+01 1.25676841e+01]
 [5.06734403e-01 5.21637216e-01 5.52795817e-01 6.06334149e-01
  6.89214410e-01 8.09237053e-01 9.75040783e-01 1.19610256e+00
  1.48273760e+00 1.84609937e+00 2.29817959e+00 2.85180823e+00
  3.52065353e+00 4.31922198e+00 5.26285830e+00 6.36774549e+00
  7.65090480e+00 9.13019572e+00 1.08243160e+01 1.27528017e+01]
 [7.54504259e-01 7.69407072e-01 8.00565673e-01 8.54104005e-01
  9.36984266e-01 1.05700691e+00 1.22281064e+00 1.44387242e+00
  1.73050745e+00 2.09386922e+00 2.54594944e+00 3.09957809e+00
  3.76842339e+00 4.56699183e+00 5.51062815e+00 6.61551535e+00
  7.89867465e+00 9.37796558e+00 1.10720859e+01 1.30005715e+01]
 [1.07607988e+00 1.09098269e+00 1.12214129e+00 1.17567962e+00
  1.25855989e+00 1.37858253e+00 1.54438626e+00 1.76544804e+00
  2.05208307e+00 2.41544484e+00 2.86752506e+00 3.42115371e+00
  4.08999901e+00 4.88856745e+00 5.83220377e+00 6.93709097e+00
  8.22025027e+00 9.69954120e+00 1.13936615e+01 1.33221472e+01]
 [1.48345298e+00 1.49835580e+00 1.52951440e+00 1.58305273e+00
  1.66593299e+00 1.78595563e+00 1.95175936e+00 2.17282114e+00
  2.45945618e+00 2.82281795e+00 3.27489817e+00 3.82852681e+00
  4.49737211e+00 5.29594056e+00 6.23957688e+00 7.34446407e+00
  8.62762338e+00 1.01069143e+01 1.18010346e+01 1.37295203e+01]
 [1.98945355e+00 2.00435636e+00 2.03551496e+00 2.08905330e+00
  2.17193356e+00 2.29195620e+00 2.45775993e+00 2.67882171e+00
  2.96545675e+00 3.32881851e+00 3.78089873e+00 4.33452738e+00
  5.00337268e+00 5.80194112e+00 6.74557745e+00 7.85046464e+00
  9.13362395e+00 1.06129149e+01 1.23070352e+01 1.42355208e+01]
 [2.60774981e+00 2.62265262e+00 2.65381122e+00 2.70734956e+00
  2.79022982e+00 2.91025246e+00 3.07605619e+00 3.29711797e+00
  3.58375301e+00 3.94711477e+00 4.39919499e+00 4.95282364e+00
  5.62166894e+00 6.42023738e+00 7.36387370e+00 8.46876090e+00
  9.75192020e+00 1.12312111e+01 1.29253314e+01 1.48538171e+01]
 [3.35284824e+00 3.36775106e+00 3.39890966e+00 3.45244799e+00
  3.53532825e+00 3.65535089e+00 3.82115462e+00 4.04221640e+00
  4.32885144e+00 4.69221321e+00 5.14429343e+00 5.69792207e+00
  6.36676737e+00 7.16533582e+00 8.10897214e+00 9.21385933e+00
  1.04970186e+01 1.19763096e+01 1.36704299e+01 1.55989155e+01]
 [4.24009359e+00 4.25499640e+00 4.28615500e+00 4.33969334e+00
  4.42257360e+00 4.54259624e+00 4.70839997e+00 4.92946175e+00
  5.21609679e+00 5.57945855e+00 6.03153877e+00 6.58516742e+00
  7.25401272e+00 8.05258116e+00 8.99621748e+00 1.01011047e+01
  1.13842640e+01 1.28635549e+01 1.45576752e+01 1.64861609e+01]
 [5.28566884e+00 5.30057165e+00 5.33173025e+00 5.38526859e+00
  5.46814885e+00 5.58817149e+00 5.75397522e+00 5.97503700e+00
  6.26167204e+00 6.62503380e+00 7.07711402e+00 7.63074267e+00
  8.29958797e+00 9.09815641e+00 1.00417927e+01 1.11466799e+01
  1.24298392e+01 1.39091302e+01 1.56032505e+01 1.75317361e+01]
 [6.50659524e+00 6.52149806e+00 6.55265666e+00 6.60619499e+00
  6.68907525e+00 6.80909789e+00 6.97490162e+00 7.19596340e+00
  7.48259844e+00 7.84596021e+00 8.29804043e+00 8.85166907e+00
  9.52051437e+00 1.03190828e+01 1.12627191e+01 1.23676063e+01
  1.36507656e+01 1.51300566e+01 1.68241769e+01 1.87526625e+01]
 [7.92073230e+00 7.93563511e+00 7.96679371e+00 8.02033204e+00
  8.10321230e+00 8.22323495e+00 8.38903868e+00 8.61010045e+00
  8.89673549e+00 9.26009726e+00 9.71217748e+00 1.02658061e+01
  1.09346514e+01 1.17332199e+01 1.26768562e+01 1.37817434e+01
  1.50649027e+01 1.65441936e+01 1.82383139e+01 2.01667996e+01]
 [9.54677775e+00 9.56168057e+00 9.59283917e+00 9.64637750e+00
  9.72925776e+00 9.84928040e+00 1.00150841e+01 1.02361459e+01
  1.05227809e+01 1.08861427e+01 1.13382229e+01 1.18918516e+01
  1.25606969e+01 1.33592653e+01 1.43029016e+01 1.54077888e+01
  1.66909481e+01 1.81702391e+01 1.98643594e+01 2.17928450e+01]
 [1.14042676e+01 1.14191704e+01 1.14503290e+01 1.15038674e+01
  1.15867476e+01 1.17067703e+01 1.18725740e+01 1.20936358e+01
  1.23802708e+01 1.27436326e+01 1.31957128e+01 1.37493415e+01
  1.44181868e+01 1.52167552e+01 1.61603915e+01 1.72652787e+01
  1.85484380e+01 2.00277289e+01 2.17218492e+01 2.36503349e+01]], tipo: <class 'numpy.ndarray'>, len(vr2vx2_ran2): (40, 20)
Vr2pidVr: [0.03140146 0.07085958 0.13132866 0.2123534  0.31656726 0.44660368
 0.60509613 0.79467805 1.0179829  1.27764412 1.57629518 1.91656953
 2.30110061 2.73252187 3.21346679 3.74656879 4.33446134 4.9797779
 5.6851519  6.31780701], tipo: <class 'numpy.ndarray'>, len(Vr2pidVr): (20,)
dVx: [0.28728863 0.2813787  0.26955885 0.25773899 0.24591914 0.23409928
 0.22227942 0.21045957 0.19863971 0.18681986 0.175      0.16318014
 0.15136029 0.13954043 0.12772058 0.11590072 0.10408086 0.09226101
 0.08044115 0.09997698 0.09997698 0.08044115 0.09226101 0.10408086
 0.11590072 0.12772058 0.13954043 0.15136029 0.16318014 0.175
 0.18681986 0.19863971 0.21045957 0.22227942 0.23409928 0.24591914
 0.25773899 0.26955885 0.2813787  0.28728863], tipo: <class 'numpy.ndarray'>, len(dVx): (40,)
Vol: [[0.00902128 0.02035715 0.03772923 0.06100672 0.09094617 0.12830416
  0.17383724 0.22830197 0.29245491 0.36705263 0.45285169 0.55060864
  0.66108005 0.78502247 0.92319248 1.07634663 1.24524147 1.43063358
  1.63327952 1.81503414]
 [0.0088357  0.01993838 0.03695309 0.05975172 0.08907528 0.12566477
  0.17026116 0.22360548 0.28643871 0.35950185 0.4435359  0.53928185
  0.64748071 0.76887347 0.90420112 1.05420467 1.21962512 1.40120345
  1.59968068 1.77769635]
 [0.00846454 0.01910083 0.0354008  0.05724174 0.08533351 0.12038597
  0.16310902 0.2142125  0.2744063  0.34440028 0.42490431 0.51662827
  0.62028203 0.73657545 0.86621841 1.00992077 1.16839241 1.3423432
  1.532483   1.70302078]
 [0.00809338 0.01826328 0.03384852 0.05473175 0.08159173 0.11510718
  0.15595687 0.20481952 0.26237389 0.32929871 0.40627273 0.4939747
  0.59308335 0.70427744 0.82823569 0.96563687 1.1171597  1.28348294
  1.46528532 1.62834521]
 [0.00772222 0.01742573 0.03229623 0.05222176 0.07784995 0.10982839
  0.14880472 0.19542654 0.25034148 0.31419714 0.38764115 0.47132112
  0.56588467 0.67197942 0.79025298 0.92135296 1.06592699 1.22462268
  1.39808765 1.55366964]
 [0.00735106 0.01658818 0.03074394 0.04971178 0.07410817 0.1045496
  0.14165257 0.18603356 0.23830906 0.29909557 0.36900957 0.44866755
  0.538686   0.6396814  0.75227026 0.87706906 1.01469428 1.16576242
  1.33088997 1.47899407]
 [0.0069799  0.01575063 0.02919166 0.04720179 0.07036639 0.09927081
  0.13450042 0.17664058 0.22627665 0.283994   0.35037799 0.42601397
  0.51148732 0.60738339 0.71428755 0.83278515 0.96346157 1.10690216
  1.26369229 1.40431851]
 [0.00660874 0.01491308 0.02763937 0.0446918  0.06662461 0.09399202
  0.12734827 0.1672476  0.21424424 0.26889243 0.3317464  0.40336039
  0.48428864 0.57508537 0.67630483 0.78850125 0.91222886 1.04804191
  1.19649461 1.32964294]
 [0.00623758 0.01407553 0.02608709 0.04218182 0.06288283 0.08871323
  0.12019612 0.15785462 0.20221183 0.25379086 0.31311482 0.38070682
  0.45708996 0.54278736 0.63832212 0.74421735 0.86099615 0.98918165
  1.12929694 1.25496737]
 [0.00586642 0.01323798 0.0245348  0.03967183 0.05914105 0.08343444
  0.11304397 0.14846164 0.19017942 0.23868929 0.29448324 0.35805324
  0.42989128 0.51048934 0.6003394  0.69993344 0.80976344 0.93032139
  1.06209926 1.1802918 ]
 [0.00549526 0.01240043 0.02298252 0.03716184 0.05539927 0.07815564
  0.10589182 0.13906866 0.17814701 0.22358772 0.27585166 0.33539967
  0.40269261 0.47819133 0.56235669 0.65564954 0.75853074 0.87146113
  0.99490158 1.10561623]
 [0.0051241  0.01156288 0.02143023 0.03465186 0.05165749 0.07287685
  0.09873967 0.12967568 0.1661146  0.20848615 0.25722007 0.31274609
  0.37549393 0.44589331 0.52437397 0.61136563 0.70729803 0.81260087
  0.92770391 1.03094066]
 [0.00475293 0.01072533 0.01987794 0.03214187 0.04791571 0.06759806
  0.09158752 0.1202827  0.15408218 0.19338458 0.23858849 0.29009252
  0.34829525 0.4135953  0.48639126 0.56708173 0.65606532 0.75374062
  0.86050623 0.95626509]
 [0.00438177 0.00988778 0.01832566 0.02963188 0.04417393 0.06231927
  0.08443538 0.11088972 0.14204977 0.17828301 0.21995691 0.26743894
  0.32109657 0.38129728 0.44840854 0.52279783 0.60483261 0.69488036
  0.79330855 0.88158952]
 [0.00401061 0.00905023 0.01677337 0.0271219  0.04043215 0.05704048
  0.07728323 0.10149674 0.13001736 0.16318144 0.20132533 0.24478536
  0.29389789 0.34899927 0.41042583 0.47851392 0.5535999  0.6360201
  0.72611087 0.80691395]
 [0.00363945 0.00821268 0.01522109 0.02461191 0.03669037 0.05176169
  0.07013108 0.09210376 0.11798495 0.14807987 0.18269375 0.22213179
  0.26669922 0.31670125 0.37244311 0.43423002 0.50236719 0.57715984
  0.6589132  0.73223838]
 [0.00326829 0.00737513 0.0136688  0.02210193 0.03294859 0.0464829
  0.06297893 0.08271078 0.10595254 0.1329783  0.16406216 0.19947821
  0.23950054 0.28440324 0.3344604  0.38994611 0.45113448 0.51829958
  0.59171552 0.65756281]
 [0.00289713 0.00653758 0.01211651 0.01959194 0.02920681 0.04120411
  0.05582678 0.0733178  0.09392013 0.11787673 0.14543058 0.17682464
  0.21230186 0.25210522 0.29647768 0.34566221 0.39990177 0.45943933
  0.52451784 0.58288724]
 [0.00252597 0.00570003 0.01056423 0.01708195 0.02546503 0.03592531
  0.04867463 0.06392482 0.08188772 0.10277516 0.126799   0.15417106
  0.18510318 0.21980721 0.25849497 0.30137831 0.34866906 0.40057907
  0.45732016 0.50821167]
 [0.00313942 0.00708433 0.01312984 0.02123045 0.03164944 0.04465009
  0.06049568 0.07944951 0.10177485 0.127735   0.15759323 0.19161283
  0.23005709 0.27318928 0.3212727  0.37457063 0.43334635 0.49786315
  0.56838431 0.63163526]
 [0.00313942 0.00708433 0.01312984 0.02123045 0.03164944 0.04465009
  0.06049568 0.07944951 0.10177485 0.127735   0.15759323 0.19161283
  0.23005709 0.27318928 0.3212727  0.37457063 0.43334635 0.49786315
  0.56838431 0.63163526]
 [0.00252597 0.00570003 0.01056423 0.01708195 0.02546503 0.03592531
  0.04867463 0.06392482 0.08188772 0.10277516 0.126799   0.15417106
  0.18510318 0.21980721 0.25849497 0.30137831 0.34866906 0.40057907
  0.45732016 0.50821167]
 [0.00289713 0.00653758 0.01211651 0.01959194 0.02920681 0.04120411
  0.05582678 0.0733178  0.09392013 0.11787673 0.14543058 0.17682464
  0.21230186 0.25210522 0.29647768 0.34566221 0.39990177 0.45943933
  0.52451784 0.58288724]
 [0.00326829 0.00737513 0.0136688  0.02210193 0.03294859 0.0464829
  0.06297893 0.08271078 0.10595254 0.1329783  0.16406216 0.19947821
  0.23950054 0.28440324 0.3344604  0.38994611 0.45113448 0.51829958
  0.59171552 0.65756281]
 [0.00363945 0.00821268 0.01522109 0.02461191 0.03669037 0.05176169
  0.07013108 0.09210376 0.11798495 0.14807987 0.18269375 0.22213179
  0.26669922 0.31670125 0.37244311 0.43423002 0.50236719 0.57715984
  0.6589132  0.73223838]
 [0.00401061 0.00905023 0.01677337 0.0271219  0.04043215 0.05704048
  0.07728323 0.10149674 0.13001736 0.16318144 0.20132533 0.24478536
  0.29389789 0.34899927 0.41042583 0.47851392 0.5535999  0.6360201
  0.72611087 0.80691395]
 [0.00438177 0.00988778 0.01832566 0.02963188 0.04417393 0.06231927
  0.08443538 0.11088972 0.14204977 0.17828301 0.21995691 0.26743894
  0.32109657 0.38129728 0.44840854 0.52279783 0.60483261 0.69488036
  0.79330855 0.88158952]
 [0.00475293 0.01072533 0.01987794 0.03214187 0.04791571 0.06759806
  0.09158752 0.1202827  0.15408218 0.19338458 0.23858849 0.29009252
  0.34829525 0.4135953  0.48639126 0.56708173 0.65606532 0.75374062
  0.86050623 0.95626509]
 [0.0051241  0.01156288 0.02143023 0.03465186 0.05165749 0.07287685
  0.09873967 0.12967568 0.1661146  0.20848615 0.25722007 0.31274609
  0.37549393 0.44589331 0.52437397 0.61136563 0.70729803 0.81260087
  0.92770391 1.03094066]
 [0.00549526 0.01240043 0.02298252 0.03716184 0.05539927 0.07815564
  0.10589182 0.13906866 0.17814701 0.22358772 0.27585166 0.33539967
  0.40269261 0.47819133 0.56235669 0.65564954 0.75853074 0.87146113
  0.99490158 1.10561623]
 [0.00586642 0.01323798 0.0245348  0.03967183 0.05914105 0.08343444
  0.11304397 0.14846164 0.19017942 0.23868929 0.29448324 0.35805324
  0.42989128 0.51048934 0.6003394  0.69993344 0.80976344 0.93032139
  1.06209926 1.1802918 ]
 [0.00623758 0.01407553 0.02608709 0.04218182 0.06288283 0.08871323
  0.12019612 0.15785462 0.20221183 0.25379086 0.31311482 0.38070682
  0.45708996 0.54278736 0.63832212 0.74421735 0.86099615 0.98918165
  1.12929694 1.25496737]
 [0.00660874 0.01491308 0.02763937 0.0446918  0.06662461 0.09399202
  0.12734827 0.1672476  0.21424424 0.26889243 0.3317464  0.40336039
  0.48428864 0.57508537 0.67630483 0.78850125 0.91222886 1.04804191
  1.19649461 1.32964294]
 [0.0069799  0.01575063 0.02919166 0.04720179 0.07036639 0.09927081
  0.13450042 0.17664058 0.22627665 0.283994   0.35037799 0.42601397
  0.51148732 0.60738339 0.71428755 0.83278515 0.96346157 1.10690216
  1.26369229 1.40431851]
 [0.00735106 0.01658818 0.03074394 0.04971178 0.07410817 0.1045496
  0.14165257 0.18603356 0.23830906 0.29909557 0.36900957 0.44866755
  0.538686   0.6396814  0.75227026 0.87706906 1.01469428 1.16576242
  1.33088997 1.47899407]
 [0.00772222 0.01742573 0.03229623 0.05222176 0.07784995 0.10982839
  0.14880472 0.19542654 0.25034148 0.31419714 0.38764115 0.47132112
  0.56588467 0.67197942 0.79025298 0.92135296 1.06592699 1.22462268
  1.39808765 1.55366964]
 [0.00809338 0.01826328 0.03384852 0.05473175 0.08159173 0.11510718
  0.15595687 0.20481952 0.26237389 0.32929871 0.40627273 0.4939747
  0.59308335 0.70427744 0.82823569 0.96563687 1.1171597  1.28348294
  1.46528532 1.62834521]
 [0.00846454 0.01910083 0.0354008  0.05724174 0.08533351 0.12038597
  0.16310902 0.2142125  0.2744063  0.34440028 0.42490431 0.51662827
  0.62028203 0.73657545 0.86621841 1.00992077 1.16839241 1.3423432
  1.532483   1.70302078]
 [0.0088357  0.01993838 0.03695309 0.05975172 0.08907528 0.12566477
  0.17026116 0.22360548 0.28643871 0.35950185 0.4435359  0.53928185
  0.64748071 0.76887347 0.90420112 1.05420467 1.21962512 1.40120345
  1.59968068 1.77769635]
 [0.00902128 0.02035715 0.03772923 0.06100672 0.09094617 0.12830416
  0.17383724 0.22830197 0.29245491 0.36705263 0.45285169 0.55060864
  0.66108005 0.78502247 0.92319248 1.07634663 1.24524147 1.43063358
  1.63327952 1.81503414]], tipo: <class 'numpy.ndarray'>, len(Vol): (40, 20)
Vth_DVx: [[ 0.          0.          0.          0.          0.          0.
   0.          0.          0.          0.          0.          0.
   0.          0.          0.          0.          0.          0.
   0.          0.          0.          0.        ]
 [ 0.          3.48081993  3.48081993  3.48081993  3.48081993  3.48081993
   3.48081993  3.48081993  3.48081993  3.48081993  3.48081993  3.48081993
   3.48081993  3.48081993  3.48081993  3.48081993  3.48081993  3.48081993
   3.48081993  3.48081993  3.48081993  0.        ]
 [ 0.          3.55392922  3.55392922  3.55392922  3.55392922  3.55392922
   3.55392922  3.55392922  3.55392922  3.55392922  3.55392922  3.55392922
   3.55392922  3.55392922  3.55392922  3.55392922  3.55392922  3.55392922
   3.55392922  3.55392922  3.55392922  0.        ]
 [ 0.          3.70976507  3.70976507  3.70976507  3.70976507  3.70976507
   3.70976507  3.70976507  3.70976507  3.70976507  3.70976507  3.70976507
   3.70976507  3.70976507  3.70976507  3.70976507  3.70976507  3.70976507
   3.70976507  3.70976507  3.70976507  0.        ]
 [ 0.          3.87989411  3.87989411  3.87989411  3.87989411  3.87989411
   3.87989411  3.87989411  3.87989411  3.87989411  3.87989411  3.87989411
   3.87989411  3.87989411  3.87989411  3.87989411  3.87989411  3.87989411
   3.87989411  3.87989411  3.87989411  0.        ]
 [ 0.          4.06637732  4.06637732  4.06637732  4.06637732  4.06637732
   4.06637732  4.06637732  4.06637732  4.06637732  4.06637732  4.06637732
   4.06637732  4.06637732  4.06637732  4.06637732  4.06637732  4.06637732
   4.06637732  4.06637732  4.06637732  0.        ]
 [ 0.          4.2716919   4.2716919   4.2716919   4.2716919   4.2716919
   4.2716919   4.2716919   4.2716919   4.2716919   4.2716919   4.2716919
   4.2716919   4.2716919   4.2716919   4.2716919   4.2716919   4.2716919
   4.2716919   4.2716919   4.2716919   0.        ]
 [ 0.          4.49884195  4.49884195  4.49884195  4.49884195  4.49884195
   4.49884195  4.49884195  4.49884195  4.49884195  4.49884195  4.49884195
   4.49884195  4.49884195  4.49884195  4.49884195  4.49884195  4.49884195
   4.49884195  4.49884195  4.49884195  0.        ]
 [ 0.          4.75150647  4.75150647  4.75150647  4.75150647  4.75150647
   4.75150647  4.75150647  4.75150647  4.75150647  4.75150647  4.75150647
   4.75150647  4.75150647  4.75150647  4.75150647  4.75150647  4.75150647
   4.75150647  4.75150647  4.75150647  0.        ]
 [ 0.          5.03424008  5.03424008  5.03424008  5.03424008  5.03424008
   5.03424008  5.03424008  5.03424008  5.03424008  5.03424008  5.03424008
   5.03424008  5.03424008  5.03424008  5.03424008  5.03424008  5.03424008
   5.03424008  5.03424008  5.03424008  0.        ]
 [ 0.          5.35275008  5.35275008  5.35275008  5.35275008  5.35275008
   5.35275008  5.35275008  5.35275008  5.35275008  5.35275008  5.35275008
   5.35275008  5.35275008  5.35275008  5.35275008  5.35275008  5.35275008
   5.35275008  5.35275008  5.35275008  0.        ]
 [ 0.          5.71428571  5.71428571  5.71428571  5.71428571  5.71428571
   5.71428571  5.71428571  5.71428571  5.71428571  5.71428571  5.71428571
   5.71428571  5.71428571  5.71428571  5.71428571  5.71428571  5.71428571
   5.71428571  5.71428571  5.71428571  0.        ]
 [ 0.          6.12819658  6.12819658  6.12819658  6.12819658  6.12819658
   6.12819658  6.12819658  6.12819658  6.12819658  6.12819658  6.12819658
   6.12819658  6.12819658  6.12819658  6.12819658  6.12819658  6.12819658
   6.12819658  6.12819658  6.12819658  0.        ]
 [ 0.          6.60675276  6.60675276  6.60675276  6.60675276  6.60675276
   6.60675276  6.60675276  6.60675276  6.60675276  6.60675276  6.60675276
   6.60675276  6.60675276  6.60675276  6.60675276  6.60675276  6.60675276
   6.60675276  6.60675276  6.60675276  0.        ]
 [ 0.          7.16638173  7.16638173  7.16638173  7.16638173  7.16638173
   7.16638173  7.16638173  7.16638173  7.16638173  7.16638173  7.16638173
   7.16638173  7.16638173  7.16638173  7.16638173  7.16638173  7.16638173
   7.16638173  7.16638173  7.16638173  0.        ]
 [ 0.          7.82959202  7.82959202  7.82959202  7.82959202  7.82959202
   7.82959202  7.82959202  7.82959202  7.82959202  7.82959202  7.82959202
   7.82959202  7.82959202  7.82959202  7.82959202  7.82959202  7.82959202
   7.82959202  7.82959202  7.82959202  0.        ]
 [ 0.          8.62807413  8.62807413  8.62807413  8.62807413  8.62807413
   8.62807413  8.62807413  8.62807413  8.62807413  8.62807413  8.62807413
   8.62807413  8.62807413  8.62807413  8.62807413  8.62807413  8.62807413
   8.62807413  8.62807413  8.62807413  0.        ]
 [ 0.          9.60791414  9.60791414  9.60791414  9.60791414  9.60791414
   9.60791414  9.60791414  9.60791414  9.60791414  9.60791414  9.60791414
   9.60791414  9.60791414  9.60791414  9.60791414  9.60791414  9.60791414
   9.60791414  9.60791414  9.60791414  0.        ]
 [ 0.         10.8388151  10.8388151  10.8388151  10.8388151  10.8388151
  10.8388151  10.8388151  10.8388151  10.8388151  10.8388151  10.8388151
  10.8388151  10.8388151  10.8388151  10.8388151  10.8388151  10.8388151
  10.8388151  10.8388151  10.8388151   0.        ]
 [ 0.         12.43144814 12.43144814 12.43144814 12.43144814 12.43144814
  12.43144814 12.43144814 12.43144814 12.43144814 12.43144814 12.43144814
  12.43144814 12.43144814 12.43144814 12.43144814 12.43144814 12.43144814
  12.43144814 12.43144814 12.43144814  0.        ]
 [ 0.         10.00230266 10.00230266 10.00230266 10.00230266 10.00230266
  10.00230266 10.00230266 10.00230266 10.00230266 10.00230266 10.00230266
  10.00230266 10.00230266 10.00230266 10.00230266 10.00230266 10.00230266
  10.00230266 10.00230266 10.00230266  0.        ]
 [ 0.         10.00230266 10.00230266 10.00230266 10.00230266 10.00230266
  10.00230266 10.00230266 10.00230266 10.00230266 10.00230266 10.00230266
  10.00230266 10.00230266 10.00230266 10.00230266 10.00230266 10.00230266
  10.00230266 10.00230266 10.00230266  0.        ]
 [ 0.         12.43144814 12.43144814 12.43144814 12.43144814 12.43144814
  12.43144814 12.43144814 12.43144814 12.43144814 12.43144814 12.43144814
  12.43144814 12.43144814 12.43144814 12.43144814 12.43144814 12.43144814
  12.43144814 12.43144814 12.43144814  0.        ]
 [ 0.         10.8388151  10.8388151  10.8388151  10.8388151  10.8388151
  10.8388151  10.8388151  10.8388151  10.8388151  10.8388151  10.8388151
  10.8388151  10.8388151  10.8388151  10.8388151  10.8388151  10.8388151
  10.8388151  10.8388151  10.8388151   0.        ]
 [ 0.          9.60791414  9.60791414  9.60791414  9.60791414  9.60791414
   9.60791414  9.60791414  9.60791414  9.60791414  9.60791414  9.60791414
   9.60791414  9.60791414  9.60791414  9.60791414  9.60791414  9.60791414
   9.60791414  9.60791414  9.60791414  0.        ]
 [ 0.          8.62807413  8.62807413  8.62807413  8.62807413  8.62807413
   8.62807413  8.62807413  8.62807413  8.62807413  8.62807413  8.62807413
   8.62807413  8.62807413  8.62807413  8.62807413  8.62807413  8.62807413
   8.62807413  8.62807413  8.62807413  0.        ]
 [ 0.          7.82959202  7.82959202  7.82959202  7.82959202  7.82959202
   7.82959202  7.82959202  7.82959202  7.82959202  7.82959202  7.82959202
   7.82959202  7.82959202  7.82959202  7.82959202  7.82959202  7.82959202
   7.82959202  7.82959202  7.82959202  0.        ]
 [ 0.          7.16638173  7.16638173  7.16638173  7.16638173  7.16638173
   7.16638173  7.16638173  7.16638173  7.16638173  7.16638173  7.16638173
   7.16638173  7.16638173  7.16638173  7.16638173  7.16638173  7.16638173
   7.16638173  7.16638173  7.16638173  0.        ]
 [ 0.          6.60675276  6.60675276  6.60675276  6.60675276  6.60675276
   6.60675276  6.60675276  6.60675276  6.60675276  6.60675276  6.60675276
   6.60675276  6.60675276  6.60675276  6.60675276  6.60675276  6.60675276
   6.60675276  6.60675276  6.60675276  0.        ]
 [ 0.          6.12819658  6.12819658  6.12819658  6.12819658  6.12819658
   6.12819658  6.12819658  6.12819658  6.12819658  6.12819658  6.12819658
   6.12819658  6.12819658  6.12819658  6.12819658  6.12819658  6.12819658
   6.12819658  6.12819658  6.12819658  0.        ]
 [ 0.          5.71428571  5.71428571  5.71428571  5.71428571  5.71428571
   5.71428571  5.71428571  5.71428571  5.71428571  5.71428571  5.71428571
   5.71428571  5.71428571  5.71428571  5.71428571  5.71428571  5.71428571
   5.71428571  5.71428571  5.71428571  0.        ]
 [ 0.          5.35275008  5.35275008  5.35275008  5.35275008  5.35275008
   5.35275008  5.35275008  5.35275008  5.35275008  5.35275008  5.35275008
   5.35275008  5.35275008  5.35275008  5.35275008  5.35275008  5.35275008
   5.35275008  5.35275008  5.35275008  0.        ]
 [ 0.          5.03424008  5.03424008  5.03424008  5.03424008  5.03424008
   5.03424008  5.03424008  5.03424008  5.03424008  5.03424008  5.03424008
   5.03424008  5.03424008  5.03424008  5.03424008  5.03424008  5.03424008
   5.03424008  5.03424008  5.03424008  0.        ]
 [ 0.          4.75150647  4.75150647  4.75150647  4.75150647  4.75150647
   4.75150647  4.75150647  4.75150647  4.75150647  4.75150647  4.75150647
   4.75150647  4.75150647  4.75150647  4.75150647  4.75150647  4.75150647
   4.75150647  4.75150647  4.75150647  0.        ]
 [ 0.          4.49884195  4.49884195  4.49884195  4.49884195  4.49884195
   4.49884195  4.49884195  4.49884195  4.49884195  4.49884195  4.49884195
   4.49884195  4.49884195  4.49884195  4.49884195  4.49884195  4.49884195
   4.49884195  4.49884195  4.49884195  0.        ]
 [ 0.          4.2716919   4.2716919   4.2716919   4.2716919   4.2716919
   4.2716919   4.2716919   4.2716919   4.2716919   4.2716919   4.2716919
   4.2716919   4.2716919   4.2716919   4.2716919   4.2716919   4.2716919
   4.2716919   4.2716919   4.2716919   0.        ]
 [ 0.          4.06637732  4.06637732  4.06637732  4.06637732  4.06637732
   4.06637732  4.06637732  4.06637732  4.06637732  4.06637732  4.06637732
   4.06637732  4.06637732  4.06637732  4.06637732  4.06637732  4.06637732
   4.06637732  4.06637732  4.06637732  0.        ]
 [ 0.          3.87989411  3.87989411  3.87989411  3.87989411  3.87989411
   3.87989411  3.87989411  3.87989411  3.87989411  3.87989411  3.87989411
   3.87989411  3.87989411  3.87989411  3.87989411  3.87989411  3.87989411
   3.87989411  3.87989411  3.87989411  0.        ]
 [ 0.          3.70976507  3.70976507  3.70976507  3.70976507  3.70976507
   3.70976507  3.70976507  3.70976507  3.70976507  3.70976507  3.70976507
   3.70976507  3.70976507  3.70976507  3.70976507  3.70976507  3.70976507
   3.70976507  3.70976507  3.70976507  0.        ]
 [ 0.          3.55392922  3.55392922  3.55392922  3.55392922  3.55392922
   3.55392922  3.55392922  3.55392922  3.55392922  3.55392922  3.55392922
   3.55392922  3.55392922  3.55392922  3.55392922  3.55392922  3.55392922
   3.55392922  3.55392922  3.55392922  0.        ]
 [ 0.          3.48081993  3.48081993  3.48081993  3.48081993  3.48081993
   3.48081993  3.48081993  3.48081993  3.48081993  3.48081993  3.48081993
   3.48081993  3.48081993  3.48081993  3.48081993  3.48081993  3.48081993
   3.48081993  3.48081993  3.48081993  0.        ]
 [ 0.          0.          0.          0.          0.          0.
   0.          0.          0.          0.          0.          0.
   0.          0.          0.          0.          0.          0.
   0.          0.          0.          0.        ]], tipo: <class 'numpy.ndarray'>, len(Vth_DVx): (42, 22)
Vx_DVx: [[  0.           0.           0.           0.           0.
    0.           0.           0.           0.           0.
    0.           0.           0.           0.           0.
    0.           0.           0.           0.           0.
    0.           0.        ]
 [  0.         -12.18286977 -12.18286977 -12.18286977 -12.18286977
  -12.18286977 -12.18286977 -12.18286977 -12.18286977 -12.18286977
  -12.18286977 -12.18286977 -12.18286977 -12.18286977 -12.18286977
  -12.18286977 -12.18286977 -12.18286977 -12.18286977 -12.18286977
  -12.18286977   0.        ]
 [  0.         -11.41774879 -11.41774879 -11.41774879 -11.41774879
  -11.41774879 -11.41774879 -11.41774879 -11.41774879 -11.41774879
  -11.41774879 -11.41774879 -11.41774879 -11.41774879 -11.41774879
  -11.41774879 -11.41774879 -11.41774879 -11.41774879 -11.41774879
  -11.41774879   0.        ]
 [  0.         -10.89647995 -10.89647995 -10.89647995 -10.89647995
  -10.89647995 -10.89647995 -10.89647995 -10.89647995 -10.89647995
  -10.89647995 -10.89647995 -10.89647995 -10.89647995 -10.89647995
  -10.89647995 -10.89647995 -10.89647995 -10.89647995 -10.89647995
  -10.89647995   0.        ]
 [  0.         -10.37326034 -10.37326034 -10.37326034 -10.37326034
  -10.37326034 -10.37326034 -10.37326034 -10.37326034 -10.37326034
  -10.37326034 -10.37326034 -10.37326034 -10.37326034 -10.37326034
  -10.37326034 -10.37326034 -10.37326034 -10.37326034 -10.37326034
  -10.37326034   0.        ]
 [  0.          -9.84780867  -9.84780867  -9.84780867  -9.84780867
   -9.84780867  -9.84780867  -9.84780867  -9.84780867  -9.84780867
   -9.84780867  -9.84780867  -9.84780867  -9.84780867  -9.84780867
   -9.84780867  -9.84780867  -9.84780867  -9.84780867  -9.84780867
   -9.84780867   0.        ]
 [  0.          -9.31978685  -9.31978685  -9.31978685  -9.31978685
   -9.31978685  -9.31978685  -9.31978685  -9.31978685  -9.31978685
   -9.31978685  -9.31978685  -9.31978685  -9.31978685  -9.31978685
   -9.31978685  -9.31978685  -9.31978685  -9.31978685  -9.31978685
   -9.31978685   0.        ]
 [  0.          -8.78878488  -8.78878488  -8.78878488  -8.78878488
   -8.78878488  -8.78878488  -8.78878488  -8.78878488  -8.78878488
   -8.78878488  -8.78878488  -8.78878488  -8.78878488  -8.78878488
   -8.78878488  -8.78878488  -8.78878488  -8.78878488  -8.78878488
   -8.78878488   0.        ]
 [  0.          -8.25430063  -8.25430063  -8.25430063  -8.25430063
   -8.25430063  -8.25430063  -8.25430063  -8.25430063  -8.25430063
   -8.25430063  -8.25430063  -8.25430063  -8.25430063  -8.25430063
   -8.25430063  -8.25430063  -8.25430063  -8.25430063  -8.25430063
   -8.25430063   0.        ]
 [  0.          -7.71571249  -7.71571249  -7.71571249  -7.71571249
   -7.71571249  -7.71571249  -7.71571249  -7.71571249  -7.71571249
   -7.71571249  -7.71571249  -7.71571249  -7.71571249  -7.71571249
   -7.71571249  -7.71571249  -7.71571249  -7.71571249  -7.71571249
   -7.71571249   0.        ]
 [  0.          -7.17224149  -7.17224149  -7.17224149  -7.17224149
   -7.17224149  -7.17224149  -7.17224149  -7.17224149  -7.17224149
   -7.17224149  -7.17224149  -7.17224149  -7.17224149  -7.17224149
   -7.17224149  -7.17224149  -7.17224149  -7.17224149  -7.17224149
   -7.17224149   0.        ]
 [  0.          -6.62289826  -6.62289826  -6.62289826  -6.62289826
   -6.62289826  -6.62289826  -6.62289826  -6.62289826  -6.62289826
   -6.62289826  -6.62289826  -6.62289826  -6.62289826  -6.62289826
   -6.62289826  -6.62289826  -6.62289826  -6.62289826  -6.62289826
   -6.62289826   0.        ]
 [  0.          -6.06640673  -6.06640673  -6.06640673  -6.06640673
   -6.06640673  -6.06640673  -6.06640673  -6.06640673  -6.06640673
   -6.06640673  -6.06640673  -6.06640673  -6.06640673  -6.06640673
   -6.06640673  -6.06640673  -6.06640673  -6.06640673  -6.06640673
   -6.06640673   0.        ]
 [  0.          -5.50109226  -5.50109226  -5.50109226  -5.50109226
   -5.50109226  -5.50109226  -5.50109226  -5.50109226  -5.50109226
   -5.50109226  -5.50109226  -5.50109226  -5.50109226  -5.50109226
   -5.50109226  -5.50109226  -5.50109226  -5.50109226  -5.50109226
   -5.50109226   0.        ]
 [  0.          -4.92471278  -4.92471278  -4.92471278  -4.92471278
   -4.92471278  -4.92471278  -4.92471278  -4.92471278  -4.92471278
   -4.92471278  -4.92471278  -4.92471278  -4.92471278  -4.92471278
   -4.92471278  -4.92471278  -4.92471278  -4.92471278  -4.92471278
   -4.92471278   0.        ]
 [  0.          -4.33419628  -4.33419628  -4.33419628  -4.33419628
   -4.33419628  -4.33419628  -4.33419628  -4.33419628  -4.33419628
   -4.33419628  -4.33419628  -4.33419628  -4.33419628  -4.33419628
   -4.33419628  -4.33419628  -4.33419628  -4.33419628  -4.33419628
   -4.33419628   0.        ]
 [  0.          -3.72521757  -3.72521757  -3.72521757  -3.72521757
   -3.72521757  -3.72521757  -3.72521757  -3.72521757  -3.72521757
   -3.72521757  -3.72521757  -3.72521757  -3.72521757  -3.72521757
   -3.72521757  -3.72521757  -3.72521757  -3.72521757  -3.72521757
   -3.72521757   0.        ]
 [  0.          -3.0914867   -3.0914867   -3.0914867   -3.0914867
   -3.0914867   -3.0914867   -3.0914867   -3.0914867   -3.0914867
   -3.0914867   -3.0914867   -3.0914867   -3.0914867   -3.0914867
   -3.0914867   -3.0914867   -3.0914867   -3.0914867   -3.0914867
   -3.0914867    0.        ]
 [  0.          -2.42349044  -2.42349044  -2.42349044  -2.42349044
   -2.42349044  -2.42349044  -2.42349044  -2.42349044  -2.42349044
   -2.42349044  -2.42349044  -2.42349044  -2.42349044  -2.42349044
   -2.42349044  -2.42349044  -2.42349044  -2.42349044  -2.42349044
   -2.42349044   0.        ]
 [  0.          -1.70612414  -1.70612414  -1.70612414  -1.70612414
   -1.70612414  -1.70612414  -1.70612414  -1.70612414  -1.70612414
   -1.70612414  -1.70612414  -1.70612414  -1.70612414  -1.70612414
   -1.70612414  -1.70612414  -1.70612414  -1.70612414  -1.70612414
   -1.70612414   0.        ]
 [  0.          -0.62725807  -0.62725807  -0.62725807  -0.62725807
   -0.62725807  -0.62725807  -0.62725807  -0.62725807  -0.62725807
   -0.62725807  -0.62725807  -0.62725807  -0.62725807  -0.62725807
   -0.62725807  -0.62725807  -0.62725807  -0.62725807  -0.62725807
   -0.62725807   0.        ]
 [  0.           0.62725807   0.62725807   0.62725807   0.62725807
    0.62725807   0.62725807   0.62725807   0.62725807   0.62725807
    0.62725807   0.62725807   0.62725807   0.62725807   0.62725807
    0.62725807   0.62725807   0.62725807   0.62725807   0.62725807
    0.62725807   0.        ]
 [  0.           1.70612414   1.70612414   1.70612414   1.70612414
    1.70612414   1.70612414   1.70612414   1.70612414   1.70612414
    1.70612414   1.70612414   1.70612414   1.70612414   1.70612414
    1.70612414   1.70612414   1.70612414   1.70612414   1.70612414
    1.70612414   0.        ]
 [  0.           2.42349044   2.42349044   2.42349044   2.42349044
    2.42349044   2.42349044   2.42349044   2.42349044   2.42349044
    2.42349044   2.42349044   2.42349044   2.42349044   2.42349044
    2.42349044   2.42349044   2.42349044   2.42349044   2.42349044
    2.42349044   0.        ]
 [  0.           3.0914867    3.0914867    3.0914867    3.0914867
    3.0914867    3.0914867    3.0914867    3.0914867    3.0914867
    3.0914867    3.0914867    3.0914867    3.0914867    3.0914867
    3.0914867    3.0914867    3.0914867    3.0914867    3.0914867
    3.0914867    0.        ]
 [  0.           3.72521757   3.72521757   3.72521757   3.72521757
    3.72521757   3.72521757   3.72521757   3.72521757   3.72521757
    3.72521757   3.72521757   3.72521757   3.72521757   3.72521757
    3.72521757   3.72521757   3.72521757   3.72521757   3.72521757
    3.72521757   0.        ]
 [  0.           4.33419628   4.33419628   4.33419628   4.33419628
    4.33419628   4.33419628   4.33419628   4.33419628   4.33419628
    4.33419628   4.33419628   4.33419628   4.33419628   4.33419628
    4.33419628   4.33419628   4.33419628   4.33419628   4.33419628
    4.33419628   0.        ]
 [  0.           4.92471278   4.92471278   4.92471278   4.92471278
    4.92471278   4.92471278   4.92471278   4.92471278   4.92471278
    4.92471278   4.92471278   4.92471278   4.92471278   4.92471278
    4.92471278   4.92471278   4.92471278   4.92471278   4.92471278
    4.92471278   0.        ]
 [  0.           5.50109226   5.50109226   5.50109226   5.50109226
    5.50109226   5.50109226   5.50109226   5.50109226   5.50109226
    5.50109226   5.50109226   5.50109226   5.50109226   5.50109226
    5.50109226   5.50109226   5.50109226   5.50109226   5.50109226
    5.50109226   0.        ]
 [  0.           6.06640673   6.06640673   6.06640673   6.06640673
    6.06640673   6.06640673   6.06640673   6.06640673   6.06640673
    6.06640673   6.06640673   6.06640673   6.06640673   6.06640673
    6.06640673   6.06640673   6.06640673   6.06640673   6.06640673
    6.06640673   0.        ]
 [  0.           6.62289826   6.62289826   6.62289826   6.62289826
    6.62289826   6.62289826   6.62289826   6.62289826   6.62289826
    6.62289826   6.62289826   6.62289826   6.62289826   6.62289826
    6.62289826   6.62289826   6.62289826   6.62289826   6.62289826
    6.62289826   0.        ]
 [  0.           7.17224149   7.17224149   7.17224149   7.17224149
    7.17224149   7.17224149   7.17224149   7.17224149   7.17224149
    7.17224149   7.17224149   7.17224149   7.17224149   7.17224149
    7.17224149   7.17224149   7.17224149   7.17224149   7.17224149
    7.17224149   0.        ]
 [  0.           7.71571249   7.71571249   7.71571249   7.71571249
    7.71571249   7.71571249   7.71571249   7.71571249   7.71571249
    7.71571249   7.71571249   7.71571249   7.71571249   7.71571249
    7.71571249   7.71571249   7.71571249   7.71571249   7.71571249
    7.71571249   0.        ]
 [  0.           8.25430063   8.25430063   8.25430063   8.25430063
    8.25430063   8.25430063   8.25430063   8.25430063   8.25430063
    8.25430063   8.25430063   8.25430063   8.25430063   8.25430063
    8.25430063   8.25430063   8.25430063   8.25430063   8.25430063
    8.25430063   0.        ]
 [  0.           8.78878488   8.78878488   8.78878488   8.78878488
    8.78878488   8.78878488   8.78878488   8.78878488   8.78878488
    8.78878488   8.78878488   8.78878488   8.78878488   8.78878488
    8.78878488   8.78878488   8.78878488   8.78878488   8.78878488
    8.78878488   0.        ]
 [  0.           9.31978685   9.31978685   9.31978685   9.31978685
    9.31978685   9.31978685   9.31978685   9.31978685   9.31978685
    9.31978685   9.31978685   9.31978685   9.31978685   9.31978685
    9.31978685   9.31978685   9.31978685   9.31978685   9.31978685
    9.31978685   0.        ]
 [  0.           9.84780867   9.84780867   9.84780867   9.84780867
    9.84780867   9.84780867   9.84780867   9.84780867   9.84780867
    9.84780867   9.84780867   9.84780867   9.84780867   9.84780867
    9.84780867   9.84780867   9.84780867   9.84780867   9.84780867
    9.84780867   0.        ]
 [  0.          10.37326034  10.37326034  10.37326034  10.37326034
   10.37326034  10.37326034  10.37326034  10.37326034  10.37326034
   10.37326034  10.37326034  10.37326034  10.37326034  10.37326034
   10.37326034  10.37326034  10.37326034  10.37326034  10.37326034
   10.37326034   0.        ]
 [  0.          10.89647995  10.89647995  10.89647995  10.89647995
   10.89647995  10.89647995  10.89647995  10.89647995  10.89647995
   10.89647995  10.89647995  10.89647995  10.89647995  10.89647995
   10.89647995  10.89647995  10.89647995  10.89647995  10.89647995
   10.89647995   0.        ]
 [  0.          11.41774879  11.41774879  11.41774879  11.41774879
   11.41774879  11.41774879  11.41774879  11.41774879  11.41774879
   11.41774879  11.41774879  11.41774879  11.41774879  11.41774879
   11.41774879  11.41774879  11.41774879  11.41774879  11.41774879
   11.41774879   0.        ]
 [  0.          12.18286977  12.18286977  12.18286977  12.18286977
   12.18286977  12.18286977  12.18286977  12.18286977  12.18286977
   12.18286977  12.18286977  12.18286977  12.18286977  12.18286977
   12.18286977  12.18286977  12.18286977  12.18286977  12.18286977
   12.18286977   0.        ]
 [  0.           0.           0.           0.           0.
    0.           0.           0.           0.           0.
    0.           0.           0.           0.           0.
    0.           0.           0.           0.           0.
    0.           0.        ]], tipo: <class 'numpy.ndarray'>, len(Vx_DVx): (42, 22)
Vr_DVr: [[ 0.          0.          0.          0.          0.          0.
   0.          0.          0.          0.          0.          0.
   0.          0.          0.          0.          0.          0.
   0.          0.          0.          0.        ]
 [ 0.          0.62725807  1.70612414  2.42349044  3.0914867   3.72521757
   4.33419628  4.92471278  5.50109226  6.06640673  6.62289826  7.17224149
   7.71571249  8.25430063  8.78878488  9.31978685  9.84780867 10.37326034
  10.89647995 11.41774879 12.18286977  0.        ]
 [ 0.          0.62725807  1.70612414  2.42349044  3.0914867   3.72521757
   4.33419628  4.92471278  5.50109226  6.06640673  6.62289826  7.17224149
   7.71571249  8.25430063  8.78878488  9.31978685  9.84780867 10.37326034
  10.89647995 11.41774879 12.18286977  0.        ]
 [ 0.          0.62725807  1.70612414  2.42349044  3.0914867   3.72521757
   4.33419628  4.92471278  5.50109226  6.06640673  6.62289826  7.17224149
   7.71571249  8.25430063  8.78878488  9.31978685  9.84780867 10.37326034
  10.89647995 11.41774879 12.18286977  0.        ]
 [ 0.          0.62725807  1.70612414  2.42349044  3.0914867   3.72521757
   4.33419628  4.92471278  5.50109226  6.06640673  6.62289826  7.17224149
   7.71571249  8.25430063  8.78878488  9.31978685  9.84780867 10.37326034
  10.89647995 11.41774879 12.18286977  0.        ]
 [ 0.          0.62725807  1.70612414  2.42349044  3.0914867   3.72521757
   4.33419628  4.92471278  5.50109226  6.06640673  6.62289826  7.17224149
   7.71571249  8.25430063  8.78878488  9.31978685  9.84780867 10.37326034
  10.89647995 11.41774879 12.18286977  0.        ]
 [ 0.          0.62725807  1.70612414  2.42349044  3.0914867   3.72521757
   4.33419628  4.92471278  5.50109226  6.06640673  6.62289826  7.17224149
   7.71571249  8.25430063  8.78878488  9.31978685  9.84780867 10.37326034
  10.89647995 11.41774879 12.18286977  0.        ]
 [ 0.          0.62725807  1.70612414  2.42349044  3.0914867   3.72521757
   4.33419628  4.92471278  5.50109226  6.06640673  6.62289826  7.17224149
   7.71571249  8.25430063  8.78878488  9.31978685  9.84780867 10.37326034
  10.89647995 11.41774879 12.18286977  0.        ]
 [ 0.          0.62725807  1.70612414  2.42349044  3.0914867   3.72521757
   4.33419628  4.92471278  5.50109226  6.06640673  6.62289826  7.17224149
   7.71571249  8.25430063  8.78878488  9.31978685  9.84780867 10.37326034
  10.89647995 11.41774879 12.18286977  0.        ]
 [ 0.          0.62725807  1.70612414  2.42349044  3.0914867   3.72521757
   4.33419628  4.92471278  5.50109226  6.06640673  6.62289826  7.17224149
   7.71571249  8.25430063  8.78878488  9.31978685  9.84780867 10.37326034
  10.89647995 11.41774879 12.18286977  0.        ]
 [ 0.          0.62725807  1.70612414  2.42349044  3.0914867   3.72521757
   4.33419628  4.92471278  5.50109226  6.06640673  6.62289826  7.17224149
   7.71571249  8.25430063  8.78878488  9.31978685  9.84780867 10.37326034
  10.89647995 11.41774879 12.18286977  0.        ]
 [ 0.          0.62725807  1.70612414  2.42349044  3.0914867   3.72521757
   4.33419628  4.92471278  5.50109226  6.06640673  6.62289826  7.17224149
   7.71571249  8.25430063  8.78878488  9.31978685  9.84780867 10.37326034
  10.89647995 11.41774879 12.18286977  0.        ]
 [ 0.          0.62725807  1.70612414  2.42349044  3.0914867   3.72521757
   4.33419628  4.92471278  5.50109226  6.06640673  6.62289826  7.17224149
   7.71571249  8.25430063  8.78878488  9.31978685  9.84780867 10.37326034
  10.89647995 11.41774879 12.18286977  0.        ]
 [ 0.          0.62725807  1.70612414  2.42349044  3.0914867   3.72521757
   4.33419628  4.92471278  5.50109226  6.06640673  6.62289826  7.17224149
   7.71571249  8.25430063  8.78878488  9.31978685  9.84780867 10.37326034
  10.89647995 11.41774879 12.18286977  0.        ]
 [ 0.          0.62725807  1.70612414  2.42349044  3.0914867   3.72521757
   4.33419628  4.92471278  5.50109226  6.06640673  6.62289826  7.17224149
   7.71571249  8.25430063  8.78878488  9.31978685  9.84780867 10.37326034
  10.89647995 11.41774879 12.18286977  0.        ]
 [ 0.          0.62725807  1.70612414  2.42349044  3.0914867   3.72521757
   4.33419628  4.92471278  5.50109226  6.06640673  6.62289826  7.17224149
   7.71571249  8.25430063  8.78878488  9.31978685  9.84780867 10.37326034
  10.89647995 11.41774879 12.18286977  0.        ]
 [ 0.          0.62725807  1.70612414  2.42349044  3.0914867   3.72521757
   4.33419628  4.92471278  5.50109226  6.06640673  6.62289826  7.17224149
   7.71571249  8.25430063  8.78878488  9.31978685  9.84780867 10.37326034
  10.89647995 11.41774879 12.18286977  0.        ]
 [ 0.          0.62725807  1.70612414  2.42349044  3.0914867   3.72521757
   4.33419628  4.92471278  5.50109226  6.06640673  6.62289826  7.17224149
   7.71571249  8.25430063  8.78878488  9.31978685  9.84780867 10.37326034
  10.89647995 11.41774879 12.18286977  0.        ]
 [ 0.          0.62725807  1.70612414  2.42349044  3.0914867   3.72521757
   4.33419628  4.92471278  5.50109226  6.06640673  6.62289826  7.17224149
   7.71571249  8.25430063  8.78878488  9.31978685  9.84780867 10.37326034
  10.89647995 11.41774879 12.18286977  0.        ]
 [ 0.          0.62725807  1.70612414  2.42349044  3.0914867   3.72521757
   4.33419628  4.92471278  5.50109226  6.06640673  6.62289826  7.17224149
   7.71571249  8.25430063  8.78878488  9.31978685  9.84780867 10.37326034
  10.89647995 11.41774879 12.18286977  0.        ]
 [ 0.          0.62725807  1.70612414  2.42349044  3.0914867   3.72521757
   4.33419628  4.92471278  5.50109226  6.06640673  6.62289826  7.17224149
   7.71571249  8.25430063  8.78878488  9.31978685  9.84780867 10.37326034
  10.89647995 11.41774879 12.18286977  0.        ]
 [ 0.          0.62725807  1.70612414  2.42349044  3.0914867   3.72521757
   4.33419628  4.92471278  5.50109226  6.06640673  6.62289826  7.17224149
   7.71571249  8.25430063  8.78878488  9.31978685  9.84780867 10.37326034
  10.89647995 11.41774879 12.18286977  0.        ]
 [ 0.          0.62725807  1.70612414  2.42349044  3.0914867   3.72521757
   4.33419628  4.92471278  5.50109226  6.06640673  6.62289826  7.17224149
   7.71571249  8.25430063  8.78878488  9.31978685  9.84780867 10.37326034
  10.89647995 11.41774879 12.18286977  0.        ]
 [ 0.          0.62725807  1.70612414  2.42349044  3.0914867   3.72521757
   4.33419628  4.92471278  5.50109226  6.06640673  6.62289826  7.17224149
   7.71571249  8.25430063  8.78878488  9.31978685  9.84780867 10.37326034
  10.89647995 11.41774879 12.18286977  0.        ]
 [ 0.          0.62725807  1.70612414  2.42349044  3.0914867   3.72521757
   4.33419628  4.92471278  5.50109226  6.06640673  6.62289826  7.17224149
   7.71571249  8.25430063  8.78878488  9.31978685  9.84780867 10.37326034
  10.89647995 11.41774879 12.18286977  0.        ]
 [ 0.          0.62725807  1.70612414  2.42349044  3.0914867   3.72521757
   4.33419628  4.92471278  5.50109226  6.06640673  6.62289826  7.17224149
   7.71571249  8.25430063  8.78878488  9.31978685  9.84780867 10.37326034
  10.89647995 11.41774879 12.18286977  0.        ]
 [ 0.          0.62725807  1.70612414  2.42349044  3.0914867   3.72521757
   4.33419628  4.92471278  5.50109226  6.06640673  6.62289826  7.17224149
   7.71571249  8.25430063  8.78878488  9.31978685  9.84780867 10.37326034
  10.89647995 11.41774879 12.18286977  0.        ]
 [ 0.          0.62725807  1.70612414  2.42349044  3.0914867   3.72521757
   4.33419628  4.92471278  5.50109226  6.06640673  6.62289826  7.17224149
   7.71571249  8.25430063  8.78878488  9.31978685  9.84780867 10.37326034
  10.89647995 11.41774879 12.18286977  0.        ]
 [ 0.          0.62725807  1.70612414  2.42349044  3.0914867   3.72521757
   4.33419628  4.92471278  5.50109226  6.06640673  6.62289826  7.17224149
   7.71571249  8.25430063  8.78878488  9.31978685  9.84780867 10.37326034
  10.89647995 11.41774879 12.18286977  0.        ]
 [ 0.          0.62725807  1.70612414  2.42349044  3.0914867   3.72521757
   4.33419628  4.92471278  5.50109226  6.06640673  6.62289826  7.17224149
   7.71571249  8.25430063  8.78878488  9.31978685  9.84780867 10.37326034
  10.89647995 11.41774879 12.18286977  0.        ]
 [ 0.          0.62725807  1.70612414  2.42349044  3.0914867   3.72521757
   4.33419628  4.92471278  5.50109226  6.06640673  6.62289826  7.17224149
   7.71571249  8.25430063  8.78878488  9.31978685  9.84780867 10.37326034
  10.89647995 11.41774879 12.18286977  0.        ]
 [ 0.          0.62725807  1.70612414  2.42349044  3.0914867   3.72521757
   4.33419628  4.92471278  5.50109226  6.06640673  6.62289826  7.17224149
   7.71571249  8.25430063  8.78878488  9.31978685  9.84780867 10.37326034
  10.89647995 11.41774879 12.18286977  0.        ]
 [ 0.          0.62725807  1.70612414  2.42349044  3.0914867   3.72521757
   4.33419628  4.92471278  5.50109226  6.06640673  6.62289826  7.17224149
   7.71571249  8.25430063  8.78878488  9.31978685  9.84780867 10.37326034
  10.89647995 11.41774879 12.18286977  0.        ]
 [ 0.          0.62725807  1.70612414  2.42349044  3.0914867   3.72521757
   4.33419628  4.92471278  5.50109226  6.06640673  6.62289826  7.17224149
   7.71571249  8.25430063  8.78878488  9.31978685  9.84780867 10.37326034
  10.89647995 11.41774879 12.18286977  0.        ]
 [ 0.          0.62725807  1.70612414  2.42349044  3.0914867   3.72521757
   4.33419628  4.92471278  5.50109226  6.06640673  6.62289826  7.17224149
   7.71571249  8.25430063  8.78878488  9.31978685  9.84780867 10.37326034
  10.89647995 11.41774879 12.18286977  0.        ]
 [ 0.          0.62725807  1.70612414  2.42349044  3.0914867   3.72521757
   4.33419628  4.92471278  5.50109226  6.06640673  6.62289826  7.17224149
   7.71571249  8.25430063  8.78878488  9.31978685  9.84780867 10.37326034
  10.89647995 11.41774879 12.18286977  0.        ]
 [ 0.          0.62725807  1.70612414  2.42349044  3.0914867   3.72521757
   4.33419628  4.92471278  5.50109226  6.06640673  6.62289826  7.17224149
   7.71571249  8.25430063  8.78878488  9.31978685  9.84780867 10.37326034
  10.89647995 11.41774879 12.18286977  0.        ]
 [ 0.          0.62725807  1.70612414  2.42349044  3.0914867   3.72521757
   4.33419628  4.92471278  5.50109226  6.06640673  6.62289826  7.17224149
   7.71571249  8.25430063  8.78878488  9.31978685  9.84780867 10.37326034
  10.89647995 11.41774879 12.18286977  0.        ]
 [ 0.          0.62725807  1.70612414  2.42349044  3.0914867   3.72521757
   4.33419628  4.92471278  5.50109226  6.06640673  6.62289826  7.17224149
   7.71571249  8.25430063  8.78878488  9.31978685  9.84780867 10.37326034
  10.89647995 11.41774879 12.18286977  0.        ]
 [ 0.          0.62725807  1.70612414  2.42349044  3.0914867   3.72521757
   4.33419628  4.92471278  5.50109226  6.06640673  6.62289826  7.17224149
   7.71571249  8.25430063  8.78878488  9.31978685  9.84780867 10.37326034
  10.89647995 11.41774879 12.18286977  0.        ]
 [ 0.          0.62725807  1.70612414  2.42349044  3.0914867   3.72521757
   4.33419628  4.92471278  5.50109226  6.06640673  6.62289826  7.17224149
   7.71571249  8.25430063  8.78878488  9.31978685  9.84780867 10.37326034
  10.89647995 11.41774879 12.18286977  0.        ]
 [ 0.          0.          0.          0.          0.          0.
   0.          0.          0.          0.          0.          0.
   0.          0.          0.          0.          0.          0.
   0.          0.          0.          0.        ]], tipo: <class 'numpy.ndarray'>, len(Vr_DVr): (42, 22)
vr2vx2_2D: [[1.22539327e+01 1.22688355e+01 1.22999941e+01 1.23535325e+01
  1.24364127e+01 1.25564354e+01 1.27222391e+01 1.29433009e+01
  1.32299359e+01 1.35932977e+01 1.40453779e+01 1.45990065e+01
  1.52678518e+01 1.60664203e+01 1.70100566e+01 1.81149438e+01
  1.93981031e+01 2.08773940e+01 2.25715143e+01 2.45000000e+01]
 [1.03254470e+01 1.03403499e+01 1.03715085e+01 1.04250468e+01
  1.05079271e+01 1.06279497e+01 1.07937534e+01 1.10148152e+01
  1.13014502e+01 1.16648120e+01 1.21168922e+01 1.26705209e+01
  1.33393662e+01 1.41379346e+01 1.50815709e+01 1.61864581e+01
  1.74696174e+01 1.89489084e+01 2.06430287e+01 2.25715143e+01]
 [8.63132675e+00 8.64622956e+00 8.67738816e+00 8.73092650e+00
  8.81380676e+00 8.93382940e+00 9.09963313e+00 9.32069491e+00
  9.60732995e+00 9.97069171e+00 1.04227719e+01 1.09764006e+01
  1.16452459e+01 1.24438143e+01 1.33874506e+01 1.44923378e+01
  1.57754971e+01 1.72547881e+01 1.89489084e+01 2.08773940e+01]
 [7.15203583e+00 7.16693864e+00 7.19809724e+00 7.25163557e+00
  7.33451583e+00 7.45453848e+00 7.62034221e+00 7.84140398e+00
  8.12803902e+00 8.49140079e+00 8.94348101e+00 9.49710965e+00
  1.01659550e+01 1.09645234e+01 1.19081597e+01 1.30130469e+01
  1.42962062e+01 1.57754971e+01 1.74696174e+01 1.93981031e+01]
 [5.86887652e+00 5.88377933e+00 5.91493793e+00 5.96847626e+00
  6.05135652e+00 6.17137917e+00 6.33718290e+00 6.55824468e+00
  6.84487971e+00 7.20824148e+00 7.66032170e+00 8.21395035e+00
  8.88279565e+00 9.68136409e+00 1.06250004e+01 1.17298876e+01
  1.30130469e+01 1.44923378e+01 1.61864581e+01 1.81149438e+01]
 [4.76398933e+00 4.77889214e+00 4.81005074e+00 4.86358907e+00
  4.94646933e+00 5.06649198e+00 5.23229571e+00 5.45335748e+00
  5.73999252e+00 6.10335429e+00 6.55543451e+00 7.10906315e+00
  7.77790846e+00 8.57647690e+00 9.52011322e+00 1.06250004e+01
  1.19081597e+01 1.33874506e+01 1.50815709e+01 1.70100566e+01]
 [3.82035300e+00 3.83525582e+00 3.86641442e+00 3.91995275e+00
  4.00283301e+00 4.12285565e+00 4.28865938e+00 4.50972116e+00
  4.79635620e+00 5.15971797e+00 5.61179819e+00 6.16542683e+00
  6.83427213e+00 7.63284058e+00 8.57647690e+00 9.68136409e+00
  1.09645234e+01 1.24438143e+01 1.41379346e+01 1.60664203e+01]
 [3.02178456e+00 3.03668737e+00 3.06784597e+00 3.12138431e+00
  3.20426457e+00 3.32428721e+00 3.49009094e+00 3.71115272e+00
  3.99778776e+00 4.36114952e+00 4.81322974e+00 5.36685839e+00
  6.03570369e+00 6.83427213e+00 7.77790846e+00 8.88279565e+00
  1.01659550e+01 1.16452459e+01 1.33393662e+01 1.52678518e+01]
 [2.35293926e+00 2.36784207e+00 2.39900067e+00 2.45253900e+00
  2.53541927e+00 2.65544191e+00 2.82124564e+00 3.04230742e+00
  3.32894245e+00 3.69230422e+00 4.14438444e+00 4.69801309e+00
  5.36685839e+00 6.16542683e+00 7.10906315e+00 8.21395035e+00
  9.49710965e+00 1.09764006e+01 1.26705209e+01 1.45990065e+01]
 [1.79931061e+00 1.81421343e+00 1.84537203e+00 1.89891036e+00
  1.98179062e+00 2.10181326e+00 2.26761699e+00 2.48867877e+00
  2.77531381e+00 3.13867558e+00 3.59075580e+00 4.14438444e+00
  4.81322974e+00 5.61179819e+00 6.55543451e+00 7.66032170e+00
  8.94348101e+00 1.04227719e+01 1.21168922e+01 1.40453779e+01]
 [1.34723039e+00 1.36213321e+00 1.39329181e+00 1.44683014e+00
  1.52971040e+00 1.64973304e+00 1.81553677e+00 2.03659855e+00
  2.32323359e+00 2.68659536e+00 3.13867558e+00 3.69230422e+00
  4.36114952e+00 5.15971797e+00 6.10335429e+00 7.20824148e+00
  8.49140079e+00 9.97069171e+00 1.16648120e+01 1.35932977e+01]
 [9.83868627e-01 9.98771440e-01 1.02993004e+00 1.08346837e+00
  1.16634863e+00 1.28637128e+00 1.45217501e+00 1.67323678e+00
  1.95987182e+00 2.32323359e+00 2.77531381e+00 3.32894245e+00
  3.99778776e+00 4.79635620e+00 5.73999252e+00 6.84487971e+00
  8.12803902e+00 9.60732995e+00 1.13014502e+01 1.32299359e+01]
 [6.97233588e-01 7.12136401e-01 7.43295002e-01 7.96833334e-01
  8.79713595e-01 9.99736238e-01 1.16553997e+00 1.38660175e+00
  1.67323678e+00 2.03659855e+00 2.48867877e+00 3.04230742e+00
  3.71115272e+00 4.50972116e+00 5.45335748e+00 6.55824468e+00
  7.84140398e+00 9.32069491e+00 1.10148152e+01 1.29433009e+01]
 [4.76171811e-01 4.91074624e-01 5.22233224e-01 5.75771556e-01
  6.58651818e-01 7.78674461e-01 9.44478191e-01 1.16553997e+00
  1.45217501e+00 1.81553677e+00 2.26761699e+00 2.82124564e+00
  3.49009094e+00 4.28865938e+00 5.23229571e+00 6.33718290e+00
  7.62034221e+00 9.09963313e+00 1.07937534e+01 1.27222391e+01]
 [3.10368081e-01 3.25270894e-01 3.56429494e-01 4.09967826e-01
  4.92848088e-01 6.12870730e-01 7.78674461e-01 9.99736238e-01
  1.28637128e+00 1.64973304e+00 2.10181326e+00 2.65544191e+00
  3.32428721e+00 4.12285565e+00 5.06649198e+00 6.17137917e+00
  7.45453848e+00 8.93382940e+00 1.06279497e+01 1.25564354e+01]
 [1.90345438e-01 2.05248251e-01 2.36406852e-01 2.89945184e-01
  3.72825445e-01 4.92848088e-01 6.58651818e-01 8.79713595e-01
  1.16634863e+00 1.52971040e+00 1.98179062e+00 2.53541927e+00
  3.20426457e+00 4.00283301e+00 4.94646933e+00 6.05135652e+00
  7.33451583e+00 8.81380676e+00 1.05079271e+01 1.24364127e+01]
 [1.07465177e-01 1.22367990e-01 1.53526590e-01 2.07064922e-01
  2.89945184e-01 4.09967826e-01 5.75771556e-01 7.96833334e-01
  1.08346837e+00 1.44683014e+00 1.89891036e+00 2.45253900e+00
  3.12138431e+00 3.91995275e+00 4.86358907e+00 5.96847626e+00
  7.25163557e+00 8.73092650e+00 1.04250468e+01 1.23535325e+01]
 [5.39268447e-02 6.88296577e-02 9.99882582e-02 1.53526590e-01
  2.36406852e-01 3.56429494e-01 5.22233224e-01 7.43295002e-01
  1.02993004e+00 1.39329181e+00 1.84537203e+00 2.39900067e+00
  3.06784597e+00 3.86641442e+00 4.81005074e+00 5.91493793e+00
  7.19809724e+00 8.67738816e+00 1.03715085e+01 1.22999941e+01]
 [2.27682442e-02 3.76710572e-02 6.88296577e-02 1.22367990e-01
  2.05248251e-01 3.25270894e-01 4.91074624e-01 7.12136401e-01
  9.98771440e-01 1.36213321e+00 1.81421343e+00 2.36784207e+00
  3.03668737e+00 3.83525582e+00 4.77889214e+00 5.88377933e+00
  7.16693864e+00 8.64622956e+00 1.03403499e+01 1.22688355e+01]
 [7.86543113e-03 2.27682442e-02 5.39268447e-02 1.07465177e-01
  1.90345438e-01 3.10368081e-01 4.76171811e-01 6.97233588e-01
  9.83868627e-01 1.34723039e+00 1.79931061e+00 2.35293926e+00
  3.02178456e+00 3.82035300e+00 4.76398933e+00 5.86887652e+00
  7.15203583e+00 8.63132675e+00 1.03254470e+01 1.22539327e+01]
 [7.86543113e-03 2.27682442e-02 5.39268447e-02 1.07465177e-01
  1.90345438e-01 3.10368081e-01 4.76171811e-01 6.97233588e-01
  9.83868627e-01 1.34723039e+00 1.79931061e+00 2.35293926e+00
  3.02178456e+00 3.82035300e+00 4.76398933e+00 5.86887652e+00
  7.15203583e+00 8.63132675e+00 1.03254470e+01 1.22539327e+01]
 [2.27682442e-02 3.76710572e-02 6.88296577e-02 1.22367990e-01
  2.05248251e-01 3.25270894e-01 4.91074624e-01 7.12136401e-01
  9.98771440e-01 1.36213321e+00 1.81421343e+00 2.36784207e+00
  3.03668737e+00 3.83525582e+00 4.77889214e+00 5.88377933e+00
  7.16693864e+00 8.64622956e+00 1.03403499e+01 1.22688355e+01]
 [5.39268447e-02 6.88296577e-02 9.99882582e-02 1.53526590e-01
  2.36406852e-01 3.56429494e-01 5.22233224e-01 7.43295002e-01
  1.02993004e+00 1.39329181e+00 1.84537203e+00 2.39900067e+00
  3.06784597e+00 3.86641442e+00 4.81005074e+00 5.91493793e+00
  7.19809724e+00 8.67738816e+00 1.03715085e+01 1.22999941e+01]
 [1.07465177e-01 1.22367990e-01 1.53526590e-01 2.07064922e-01
  2.89945184e-01 4.09967826e-01 5.75771556e-01 7.96833334e-01
  1.08346837e+00 1.44683014e+00 1.89891036e+00 2.45253900e+00
  3.12138431e+00 3.91995275e+00 4.86358907e+00 5.96847626e+00
  7.25163557e+00 8.73092650e+00 1.04250468e+01 1.23535325e+01]
 [1.90345438e-01 2.05248251e-01 2.36406852e-01 2.89945184e-01
  3.72825445e-01 4.92848088e-01 6.58651818e-01 8.79713595e-01
  1.16634863e+00 1.52971040e+00 1.98179062e+00 2.53541927e+00
  3.20426457e+00 4.00283301e+00 4.94646933e+00 6.05135652e+00
  7.33451583e+00 8.81380676e+00 1.05079271e+01 1.24364127e+01]
 [3.10368081e-01 3.25270894e-01 3.56429494e-01 4.09967826e-01
  4.92848088e-01 6.12870730e-01 7.78674461e-01 9.99736238e-01
  1.28637128e+00 1.64973304e+00 2.10181326e+00 2.65544191e+00
  3.32428721e+00 4.12285565e+00 5.06649198e+00 6.17137917e+00
  7.45453848e+00 8.93382940e+00 1.06279497e+01 1.25564354e+01]
 [4.76171811e-01 4.91074624e-01 5.22233224e-01 5.75771556e-01
  6.58651818e-01 7.78674461e-01 9.44478191e-01 1.16553997e+00
  1.45217501e+00 1.81553677e+00 2.26761699e+00 2.82124564e+00
  3.49009094e+00 4.28865938e+00 5.23229571e+00 6.33718290e+00
  7.62034221e+00 9.09963313e+00 1.07937534e+01 1.27222391e+01]
 [6.97233588e-01 7.12136401e-01 7.43295002e-01 7.96833334e-01
  8.79713595e-01 9.99736238e-01 1.16553997e+00 1.38660175e+00
  1.67323678e+00 2.03659855e+00 2.48867877e+00 3.04230742e+00
  3.71115272e+00 4.50972116e+00 5.45335748e+00 6.55824468e+00
  7.84140398e+00 9.32069491e+00 1.10148152e+01 1.29433009e+01]
 [9.83868627e-01 9.98771440e-01 1.02993004e+00 1.08346837e+00
  1.16634863e+00 1.28637128e+00 1.45217501e+00 1.67323678e+00
  1.95987182e+00 2.32323359e+00 2.77531381e+00 3.32894245e+00
  3.99778776e+00 4.79635620e+00 5.73999252e+00 6.84487971e+00
  8.12803902e+00 9.60732995e+00 1.13014502e+01 1.32299359e+01]
 [1.34723039e+00 1.36213321e+00 1.39329181e+00 1.44683014e+00
  1.52971040e+00 1.64973304e+00 1.81553677e+00 2.03659855e+00
  2.32323359e+00 2.68659536e+00 3.13867558e+00 3.69230422e+00
  4.36114952e+00 5.15971797e+00 6.10335429e+00 7.20824148e+00
  8.49140079e+00 9.97069171e+00 1.16648120e+01 1.35932977e+01]
 [1.79931061e+00 1.81421343e+00 1.84537203e+00 1.89891036e+00
  1.98179062e+00 2.10181326e+00 2.26761699e+00 2.48867877e+00
  2.77531381e+00 3.13867558e+00 3.59075580e+00 4.14438444e+00
  4.81322974e+00 5.61179819e+00 6.55543451e+00 7.66032170e+00
  8.94348101e+00 1.04227719e+01 1.21168922e+01 1.40453779e+01]
 [2.35293926e+00 2.36784207e+00 2.39900067e+00 2.45253900e+00
  2.53541927e+00 2.65544191e+00 2.82124564e+00 3.04230742e+00
  3.32894245e+00 3.69230422e+00 4.14438444e+00 4.69801309e+00
  5.36685839e+00 6.16542683e+00 7.10906315e+00 8.21395035e+00
  9.49710965e+00 1.09764006e+01 1.26705209e+01 1.45990065e+01]
 [3.02178456e+00 3.03668737e+00 3.06784597e+00 3.12138431e+00
  3.20426457e+00 3.32428721e+00 3.49009094e+00 3.71115272e+00
  3.99778776e+00 4.36114952e+00 4.81322974e+00 5.36685839e+00
  6.03570369e+00 6.83427213e+00 7.77790846e+00 8.88279565e+00
  1.01659550e+01 1.16452459e+01 1.33393662e+01 1.52678518e+01]
 [3.82035300e+00 3.83525582e+00 3.86641442e+00 3.91995275e+00
  4.00283301e+00 4.12285565e+00 4.28865938e+00 4.50972116e+00
  4.79635620e+00 5.15971797e+00 5.61179819e+00 6.16542683e+00
  6.83427213e+00 7.63284058e+00 8.57647690e+00 9.68136409e+00
  1.09645234e+01 1.24438143e+01 1.41379346e+01 1.60664203e+01]
 [4.76398933e+00 4.77889214e+00 4.81005074e+00 4.86358907e+00
  4.94646933e+00 5.06649198e+00 5.23229571e+00 5.45335748e+00
  5.73999252e+00 6.10335429e+00 6.55543451e+00 7.10906315e+00
  7.77790846e+00 8.57647690e+00 9.52011322e+00 1.06250004e+01
  1.19081597e+01 1.33874506e+01 1.50815709e+01 1.70100566e+01]
 [5.86887652e+00 5.88377933e+00 5.91493793e+00 5.96847626e+00
  6.05135652e+00 6.17137917e+00 6.33718290e+00 6.55824468e+00
  6.84487971e+00 7.20824148e+00 7.66032170e+00 8.21395035e+00
  8.88279565e+00 9.68136409e+00 1.06250004e+01 1.17298876e+01
  1.30130469e+01 1.44923378e+01 1.61864581e+01 1.81149438e+01]
 [7.15203583e+00 7.16693864e+00 7.19809724e+00 7.25163557e+00
  7.33451583e+00 7.45453848e+00 7.62034221e+00 7.84140398e+00
  8.12803902e+00 8.49140079e+00 8.94348101e+00 9.49710965e+00
  1.01659550e+01 1.09645234e+01 1.19081597e+01 1.30130469e+01
  1.42962062e+01 1.57754971e+01 1.74696174e+01 1.93981031e+01]
 [8.63132675e+00 8.64622956e+00 8.67738816e+00 8.73092650e+00
  8.81380676e+00 8.93382940e+00 9.09963313e+00 9.32069491e+00
  9.60732995e+00 9.97069171e+00 1.04227719e+01 1.09764006e+01
  1.16452459e+01 1.24438143e+01 1.33874506e+01 1.44923378e+01
  1.57754971e+01 1.72547881e+01 1.89489084e+01 2.08773940e+01]
 [1.03254470e+01 1.03403499e+01 1.03715085e+01 1.04250468e+01
  1.05079271e+01 1.06279497e+01 1.07937534e+01 1.10148152e+01
  1.13014502e+01 1.16648120e+01 1.21168922e+01 1.26705209e+01
  1.33393662e+01 1.41379346e+01 1.50815709e+01 1.61864581e+01
  1.74696174e+01 1.89489084e+01 2.06430287e+01 2.25715143e+01]
 [1.22539327e+01 1.22688355e+01 1.22999941e+01 1.23535325e+01
  1.24364127e+01 1.25564354e+01 1.27222391e+01 1.29433009e+01
  1.32299359e+01 1.35932977e+01 1.40453779e+01 1.45990065e+01
  1.52678518e+01 1.60664203e+01 1.70100566e+01 1.81149438e+01
  1.93981031e+01 2.08773940e+01 2.25715143e+01 2.45000000e+01]], tipo: <class 'numpy.ndarray'>, len(vr2vx2_2D): (40, 20)
jpa: 20, tipo: <class 'numpy.int64'>
jpb: 39, tipo: <class 'numpy.int64'>
jna: 0, tipo: <class 'numpy.int64'>
jnb: 19, tipo: <class 'numpy.int64'>
