vr: [0.07025444 0.14139327 0.21341649 0.2863241  0.36011609 0.43479247
 0.51035324 0.5867984  0.66412794 0.74234187 0.82144019 0.9014229
 0.98228999 1.06404147 1.14667734 1.2301976  1.31460224 1.39989127
 1.48606469 1.5731225  1.66106469 1.74989127 1.83960224 1.9301976
 2.02167734 2.11404147 2.20728999 2.3014229  2.39644019 2.49234187
 2.58912794 2.6867984  2.78535324 2.88479247 2.98511609 3.0863241
 3.18841649 3.29139327 3.39525444 3.5       ], tipo: <class 'numpy.ndarray'>, len(vr): (40,)
vx: [-3.5        -3.39525444 -3.29139327 -3.18841649 -3.0863241  -2.98511609
 -2.88479247 -2.78535324 -2.6867984  -2.58912794 -2.49234187 -2.39644019
 -2.3014229  -2.20728999 -2.11404147 -2.02167734 -1.9301976  -1.83960224
 -1.74989127 -1.66106469 -1.5731225  -1.48606469 -1.39989127 -1.31460224
 -1.2301976  -1.14667734 -1.06404147 -0.98228999 -0.9014229  -0.82144019
 -0.74234187 -0.66412794 -0.5867984  -0.51035324 -0.43479247 -0.36011609
 -0.2863241  -0.21341649 -0.14139327 -0.07025444  0.07025444  0.14139327
  0.21341649  0.2863241   0.36011609  0.43479247  0.51035324  0.5867984
  0.66412794  0.74234187  0.82144019  0.9014229   0.98228999  1.06404147
  1.14667734  1.2301976   1.31460224  1.39989127  1.48606469  1.5731225
  1.66106469  1.74989127  1.83960224  1.9301976   2.02167734  2.11404147
  2.20728999  2.3014229   2.39644019  2.49234187  2.58912794  2.6867984
  2.78535324  2.88479247  2.98511609  3.0863241   3.18841649  3.29139327
  3.39525444  3.5       ], tipo: <class 'numpy.ndarray'>, len(vx): (80,)
Tmaxwell: [0.02524895 0.02524895 0.02524895 0.02524895 0.02524895 0.02524895
 0.02524895 0.02524895 0.02524895 0.02524895 0.02524895 0.02524895
 0.02524895 0.02524895 0.02524895 0.02524895 0.02524895 0.02524895
 0.02524895 0.02524895 0.02524895 0.02524895 0.02524895 0.02524895
 0.02524895 0.02524895 0.02524895 0.02524895 0.02524895 0.02524895
 0.02524895 0.02524895 0.02524895 0.02524895 0.02524895 0.02524895
 0.02524895 0.02524895 0.02524895 0.02524895 0.02524895 0.02524895
 0.02524895 0.02524895 0.02524895 0.02524895 0.02524895 0.02524895
 0.02524895 0.02524895 0.02524895 0.02524895 0.02524895 0.02524895
 0.02524895 0.02524895 0.02524895 0.02524895 0.02524895 0.02524895
 0.02524895 0.02524895 0.02524895 0.02524895 0.02524895 0.02524895
 0.02524895 0.02524895 0.02524895 0.02524895 0.02524895 0.02524895
 0.02524895 0.02524895 0.02524895 0.02524895 0.02524895 0.02524895
 0.02524895 0.02524895], tipo: <class 'numpy.ndarray'>, len(Tmaxwell): (80,)
vx_shift: [0. 0. 0. 0. 0. 0. 0. 0. 0. 0. 0. 0. 0. 0. 0. 0. 0. 0. 0. 0. 0. 0. 0. 0.
 0. 0. 0. 0. 0. 0. 0. 0. 0. 0. 0. 0. 0. 0. 0. 0. 0. 0. 0. 0. 0. 0. 0. 0.
 0. 0. 0. 0. 0. 0. 0. 0. 0. 0. 0. 0. 0. 0. 0. 0. 0. 0. 0. 0. 0. 0. 0. 0.
 0. 0. 0. 0. 0. 0. 0. 0.], tipo: <class 'numpy.ndarray'>, len(vx_shift): (80,)
mu: 2.0, tipo: <class 'numpy.float32'>
mol: 2, tipo: <class 'int'>
Tnorm: 16.059729870008166, tipo: <class 'numpy.float64'>
