    0.0036851396
    0.0036695716
    0.0036384522
    0.0036073411
    0.0035762303
    0.0035451192
    0.0035139914
    0.0034828887
    0.0034517695
    0.0034206668
    0.0033895390
    0.0033584281
    0.0033273171
    0.0032961976
    0.0032650866
    0.0032339757
    0.0032028563
    0.0031717410
    0.0031406300
    0.0031095149
    0.0030783997
    0.0030472886
    0.0030161692
    0.0029850584
    0.0029539431
    0.0029228278
    0.0028917168
    0.0028605997
    0.0028294844
    0.0027983733
    0.0027672581
    0.0027361431
    0.0027050278
    0.0026739168
    0.0026428006
    0.0026116865
    0.0025805722
    0.0025494581
    0.0025183435
    0.0037230654
    0.0037230654
    0.0025183435
    0.0025494581
    0.0025805722
    0.0026116865
    0.0026428006
    0.0026739168
    0.0027050278
    0.0027361431
    0.0027672581
    0.0027983733
    0.0028294844
    0.0028605997
    0.0028917168
    0.0029228278
    0.0029539431
    0.0029850584
    0.0030161692
    0.0030472886
    0.0030783997
    0.0031095149
    0.0031406300
    0.0031717410
    0.0032028563
    0.0032339757
    0.0032650866
    0.0032961976
    0.0033273171
    0.0033584281
    0.0033895390
    0.0034206668
    0.0034517695
    0.0034828887
    0.0035139914
    0.0035451192
    0.0035762303
    0.0036073411
    0.0036384522
    0.0036695716
    0.0036851396
    0.0066714780
    0.0066432939
    0.0065869563
    0.0065306337
    0.0064743110
    0.0064179888
    0.0063616359
    0.0063053286
    0.0062489905
    0.0061926832
    0.0061363303
    0.0060800081
    0.0060236854
    0.0059673479
    0.0059110252
    0.0058547026
    0.0057983650
    0.0057420349
    0.0056857122
    0.0056293821
    0.0055730520
    0.0055167293
    0.0054603918
    0.0054040691
    0.0053477390
    0.0052914089
    0.0052350867
    0.0051787528
    0.0051224227
    0.0050661000
    0.0050097699
    0.0049534398
    0.0048971097
    0.0048407870
    0.0047844551
    0.0047281268
    0.0046717986
    0.0046154703
    0.0045591411
    0.0067401375
    0.0067401375
    0.0045591411
    0.0046154703
    0.0046717986
    0.0047281268
    0.0047844551
    0.0048407870
    0.0048971097
    0.0049534398
    0.0050097699
    0.0050661000
    0.0051224227
    0.0051787528
    0.0052350867
    0.0052914089
    0.0053477390
    0.0054040691
    0.0054603918
    0.0055167293
    0.0055730520
    0.0056293821
    0.0056857122
    0.0057420349
    0.0057983650
    0.0058547026
    0.0059110252
    0.0059673479
    0.0060236854
    0.0060800081
    0.0061363303
    0.0061926832
    0.0062489905
    0.0063053286
    0.0063616359
    0.0064179888
    0.0064743110
    0.0065306337
    0.0065869563
    0.0066432939
    0.0066714780
     0.010188852
     0.010145809
     0.010059768
    0.0099737514
    0.0098877344
    0.0098017165
    0.0097156530
    0.0096296594
    0.0095436191
    0.0094576254
    0.0093715610
    0.0092855440
    0.0091995271
    0.0091134869
    0.0090274690
    0.0089414520
    0.0088554118
    0.0087693827
    0.0086833658
    0.0085973367
    0.0085113086
    0.0084252907
    0.0083392505
    0.0082532335
    0.0081672044
    0.0080811754
    0.0079951584
    0.0079091238
    0.0078230957
    0.0077370782
    0.0076510492
    0.0075650206
    0.0074789915
    0.0073929746
    0.0073069427
    0.0072209169
    0.0071348911
    0.0070488648
    0.0069628377
     0.010293711
     0.010293711
    0.0069628377
    0.0070488648
    0.0071348911
    0.0072209169
    0.0073069427
    0.0073929746
    0.0074789915
    0.0075650206
    0.0076510492
    0.0077370782
    0.0078230957
    0.0079091238
    0.0079951584
    0.0080811754
    0.0081672044
    0.0082532335
    0.0083392505
    0.0084252907
    0.0085113086
    0.0085973367
    0.0086833658
    0.0087693827
    0.0088554118
    0.0089414520
    0.0090274690
    0.0091134869
    0.0091995271
    0.0092855440
    0.0093715610
    0.0094576254
    0.0095436191
    0.0096296594
    0.0097156530
    0.0098017165
    0.0098877344
    0.0099737514
     0.010059768
     0.010145809
     0.010188852
     0.013832760
     0.013774322
     0.013657511
     0.013540731
     0.013423950
     0.013307171
     0.013190327
     0.013073579
     0.012956767
     0.012840019
     0.012723176
     0.012606395
     0.012489615
     0.012372804
     0.012256023
     0.012139244
     0.012022432
     0.011905636
     0.011788856
     0.011672060
     0.011555265
     0.011438484
     0.011321672
     0.011204893
     0.011088097
     0.010971301
     0.010854521
     0.010737717
     0.010620921
     0.010504141
     0.010387345
     0.010270549
     0.010153754
     0.010036973
    0.0099201733
    0.0098033817
    0.0096865902
    0.0095697977
    0.0094530042
     0.013975120
     0.013975120
    0.0094530042
    0.0095697977
    0.0096865902
    0.0098033817
    0.0099201733
     0.010036973
     0.010153754
     0.010270549
     0.010387345
     0.010504141
     0.010620921
     0.010737717
     0.010854521
     0.010971301
     0.011088097
     0.011204893
     0.011321672
     0.011438484
     0.011555265
     0.011672060
     0.011788856
     0.011905636
     0.012022432
     0.012139244
     0.012256023
     0.012372804
     0.012489615
     0.012606395
     0.012723176
     0.012840019
     0.012956767
     0.013073579
     0.013190327
     0.013307171
     0.013423950
     0.013540731
     0.013657511
     0.013774322
     0.013832760
     0.017604746
     0.017530374
     0.017381709
     0.017233085
     0.017084461
     0.016935837
     0.016787132
     0.016638547
     0.016489884
     0.016341299
     0.016192595
     0.016043970
     0.015895346
     0.015746681
     0.015598057
     0.015449433
     0.015300768
     0.015152124
     0.015003500
     0.014854856
     0.014706211
     0.014557587
     0.014408923
     0.014260299
     0.014111654
     0.013963009
     0.013814385
     0.013665731
     0.013517086
     0.013368462
     0.013219818
     0.013071174
     0.012922529
     0.012773905
     0.012625256
     0.012476617
     0.012327977
     0.012179337
     0.012030696
     0.017785925
     0.017785925
     0.012030696
     0.012179337
     0.012327977
     0.012476617
     0.012625256
     0.012773905
     0.012922529
     0.013071174
     0.013219818
     0.013368462
     0.013517086
     0.013665731
     0.013814385
     0.013963009
     0.014111654
     0.014260299
     0.014408923
     0.014557587
     0.014706211
     0.014854856
     0.015003500
     0.015152124
     0.015300768
     0.015449433
     0.015598057
     0.015746681
     0.015895346
     0.016043970
     0.016192595
     0.016341299
     0.016489884
     0.016638547
     0.016787132
     0.016935837
     0.017084461
     0.017233085
     0.017381709
     0.017530374
     0.017604746
     0.021506358
     0.021415504
     0.021233892
     0.021052329
     0.020870766
     0.020689204
     0.020507542
     0.020326030
     0.020144418
     0.019962903
     0.019781243
     0.019599680
     0.019418117
     0.019236505
     0.019054942
     0.018873379
     0.018691767
     0.018510180
     0.018328618
     0.018147031
     0.017965443
     0.017783880
     0.017602269
     0.017420705
     0.017239118
     0.017057531
     0.016875967
     0.016694369
     0.016512781
     0.016331218
     0.016149631
     0.015968043
     0.015786456
     0.015604894
     0.015423301
     0.015241719
     0.015060138
     0.014878557
     0.014696972
     0.021727692
     0.021727692
     0.014696972
     0.014878557
     0.015060138
     0.015241719
     0.015423301
     0.015604894
     0.015786456
     0.015968043
     0.016149631
     0.016331218
     0.016512781
     0.016694369
     0.016875967
     0.017057531
     0.017239118
     0.017420705
     0.017602269
     0.017783880
     0.017965443
     0.018147031
     0.018328618
     0.018510180
     0.018691767
     0.018873379
     0.019054942
     0.019236505
     0.019418117
     0.019599680
     0.019781243
     0.019962903
     0.020144418
     0.020326030
     0.020507542
     0.020689204
     0.020870766
     0.021052329
     0.021233892
     0.021415504
     0.021506358
     0.025539165
     0.025431274
     0.025215607
     0.024999999
     0.024784390
     0.024568781
     0.024353055
     0.024137504
     0.023921838
     0.023706287
     0.023490561
     0.023274953
     0.023059344
     0.022843676
     0.022628067
     0.022412458
     0.022196792
     0.021981154
     0.021765545
     0.021549907
     0.021334268
     0.021118660
     0.020902993
     0.020687385
     0.020471746
     0.020256108
     0.020040499
     0.019824846
     0.019609209
     0.019393599
     0.019177962
     0.018962324
     0.018746685
     0.018531077
     0.018315431
     0.018099800
     0.017884169
     0.017668540
     0.017452905
     0.025802003
     0.025802003
     0.017452905
     0.017668540
     0.017884169
     0.018099800
     0.018315431
     0.018531077
     0.018746685
     0.018962324
     0.019177962
     0.019393599
     0.019609209
     0.019824846
     0.020040499
     0.020256108
     0.020471746
     0.020687385
     0.020902993
     0.021118660
     0.021334268
     0.021549907
     0.021765545
     0.021981154
     0.022196792
     0.022412458
     0.022628067
     0.022843676
     0.023059344
     0.023274953
     0.023490561
     0.023706287
     0.023921838
     0.024137504
     0.024353055
     0.024568781
     0.024784390
     0.024999999
     0.025215607
     0.025431274
     0.025539165
     0.029704617
     0.029579127
     0.029328285
     0.029077509
     0.028826736
     0.028575961
     0.028325051
     0.028074343
     0.027823500
     0.027572794
     0.027321883
     0.027071109
     0.026820334
     0.026569491
     0.026318716
     0.026067942
     0.025817100
     0.025566291
     0.025315516
     0.025064707
     0.024813898
     0.024563123
     0.024312280
     0.024061507
     0.023810698
     0.023559889
     0.023309113
     0.023058288
     0.022807479
     0.022556705
     0.022305897
     0.022055088
     0.021804279
     0.021553503
     0.021302687
     0.021051887
     0.020801086
     0.020550286
     0.020299481
     0.030010322
     0.030010322
     0.020299481
     0.020550286
     0.020801086
     0.021051887
     0.021302687
     0.021553503
     0.021804279
     0.022055088
     0.022305897
     0.022556705
     0.022807479
     0.023058288
     0.023309113
     0.023559889
     0.023810698
     0.024061507
     0.024312280
     0.024563123
     0.024813898
     0.025064707
     0.025315516
     0.025566291
     0.025817100
     0.026067942
     0.026318716
     0.026569491
     0.026820334
     0.027071109
     0.027321883
     0.027572794
     0.027823500
     0.028074343
     0.028325051
     0.028575961
     0.028826736
     0.029077509
     0.029328285
     0.029579127
     0.029704617
     0.034004375
     0.033860724
     0.033573572
     0.033286497
     0.032999422
     0.032712348
     0.032425117
     0.032138120
     0.031850968
     0.031563971
     0.031276740
     0.030989667
     0.030702593
     0.030415440
     0.030128365
     0.029841291
     0.029554140
     0.029267026
     0.028979952
     0.028692838
     0.028405724
     0.028118649
     0.027831497
     0.027544422
     0.027257310
     0.026970197
     0.026683122
     0.026395990
     0.026108876
     0.025821801
     0.025534688
     0.025247574
     0.024960460
     0.024673386
     0.024386263
     0.024099160
     0.023812056
     0.023524951
     0.023237843
     0.034354333
     0.034354333
     0.023237843
     0.023524951
     0.023812056
     0.024099160
     0.024386263
     0.024673386
     0.024960460
     0.025247574
     0.025534688
     0.025821801
     0.026108876
     0.026395990
     0.026683122
     0.026970197
     0.027257310
     0.027544422
     0.027831497
     0.028118649
     0.028405724
     0.028692838
     0.028979952
     0.029267026
     0.029554140
     0.029841291
     0.030128365
     0.030415440
     0.030702593
     0.030989667
     0.031276740
     0.031563971
     0.031850968
     0.032138120
     0.032425117
     0.032712348
     0.032999422
     0.033286497
     0.033573572
     0.033860724
     0.034004375
     0.038439941
     0.038277552
     0.037952941
     0.037628420
     0.037303898
     0.036979377
     0.036654685
     0.036330249
     0.036005642
     0.035681207
     0.035356510
     0.035031989
     0.034707468
     0.034382861
     0.034058340
     0.033733819
     0.033409212
     0.033084646
     0.032760125
     0.032435559
     0.032110997
     0.031786475
     0.031461865
     0.031137345
     0.030812781
     0.030488215
     0.030163694
     0.029839108
     0.029514544
     0.029190022
     0.028865458
     0.028540893
     0.028216328
     0.027891807
     0.027567232
     0.027242677
     0.026918124
     0.026593570
     0.026269011
     0.038835548
     0.038835548
     0.026269011
     0.026593570
     0.026918124
     0.027242677
     0.027567232
     0.027891807
     0.028216328
     0.028540893
     0.028865458
     0.029190022
     0.029514544
     0.029839108
     0.030163694
     0.030488215
     0.030812781
     0.031137345
     0.031461865
     0.031786475
     0.032110997
     0.032435559
     0.032760125
     0.033084646
     0.033409212
     0.033733819
     0.034058340
     0.034382861
     0.034707468
     0.035031989
     0.035356510
     0.035681207
     0.036005642
     0.036330249
     0.036654685
     0.036979377
     0.037303898
     0.037628420
     0.037952941
     0.038277552
     0.038439941
     0.043012846
     0.042831134
     0.042467911
     0.042104784
     0.041741658
     0.041378532
     0.041015208
     0.040652178
     0.040288955
     0.039925925
     0.039562602
     0.039199475
     0.038836349
     0.038473126
     0.038109999
     0.037746873
     0.037383646
     0.037020471
     0.036657345
     0.036294170
     0.035930991
     0.035567865
     0.035204642
     0.034841515
     0.034478340
     0.034115162
     0.033752035
     0.033388838
     0.033025660
     0.032662533
     0.032299358
     0.031936184
     0.031573009
     0.031209880
     0.030846693
     0.030483529
     0.030120365
     0.029757202
     0.029394032
     0.043455511
     0.043455511
     0.029394032
     0.029757202
     0.030120365
     0.030483529
     0.030846693
     0.031209880
     0.031573009
     0.031936184
     0.032299358
     0.032662533
     0.033025660
     0.033388838
     0.033752035
     0.034115162
     0.034478340
     0.034841515
     0.035204642
     0.035567865
     0.035930991
     0.036294170
     0.036657345
     0.037020471
     0.037383646
     0.037746873
     0.038109999
     0.038473126
     0.038836349
     0.039199475
     0.039562602
     0.039925925
     0.040288955
     0.040652178
     0.041015208
     0.041378532
     0.041741658
     0.042104784
     0.042467911
     0.042831134
     0.043012846
     0.047724567
     0.047522955
     0.047119942
     0.046717037
     0.046314131
     0.045911226
     0.045508105
     0.045105308
     0.044702295
     0.044299502
     0.043896381
     0.043493476
     0.043090571
     0.042687558
     0.042284653
     0.041881748
     0.041478734
     0.041075777
     0.040672872
     0.040269915
     0.039866954
     0.039464049
     0.039061036
     0.038658135
     0.038255174
     0.037852217
     0.037449311
     0.037046324
     0.036643367
     0.036240462
     0.035837501
     0.035434544
     0.035031587
     0.034628682
     0.034225710
     0.033822764
     0.033419818
     0.033016872
     0.032613922
     0.048215728
     0.048215728
     0.032613922
     0.033016872
     0.033419818
     0.033822764
     0.034225710
     0.034628682
     0.035031587
     0.035434544
     0.035837501
     0.036240462
     0.036643367
     0.037046324
     0.037449311
     0.037852217
     0.038255174
     0.038658135
     0.039061036
     0.039464049
     0.039866954
     0.040269915
     0.040672872
     0.041075777
     0.041478734
     0.041881748
     0.042284653
     0.042687558
     0.043090571
     0.043493476
     0.043896381
     0.044299502
     0.044702295
     0.045105308
     0.045508105
     0.045911226
     0.046314131
     0.046717037
     0.047119942
     0.047522955
     0.047724567
     0.052576829
     0.052354712
     0.051910724
     0.051466856
     0.051022988
     0.050579119
     0.050135013
     0.049691264
     0.049247276
     0.048803527
     0.048359416
     0.047915548
     0.047471680
     0.047027692
     0.046583824
     0.046139956
     0.045695968
     0.045252040
     0.044808168
     0.044364240
     0.043920312
     0.043476444
     0.043032456
     0.042588588
     0.042144660
     0.041700732
     0.041256864
     0.040812902
     0.040368974
     0.039925106
     0.039481178
     0.039037250
     0.038593322
     0.038149454
     0.037705511
     0.037261594
     0.036817681
     0.036373768
     0.035929848
     0.053117923
     0.053117923
     0.035929848
     0.036373768
     0.036817681
     0.037261594
     0.037705511
     0.038149454
     0.038593322
     0.039037250
     0.039481178
     0.039925106
     0.040368974
     0.040812902
     0.041256864
     0.041700732
     0.042144660
     0.042588588
     0.043032456
     0.043476444
     0.043920312
     0.044364240
     0.044808168
     0.045252040
     0.045695968
     0.046139956
     0.046583824
     0.047027692
     0.047471680
     0.047915548
     0.048359416
     0.048803527
     0.049247276
     0.049691264
     0.050135013
     0.050579119
     0.051022988
     0.051466856
     0.051910724
     0.052354712
     0.052576829
     0.057571068
     0.057327855
     0.056841694
     0.056355663
     0.055869631
     0.055383600
     0.054897305
     0.054411408
     0.053925242
     0.053439341
     0.052953050
     0.052467018
     0.051980987
     0.051494826
     0.051008794
     0.050522763
     0.050036598
     0.049550503
     0.049064472
     0.048578374
     0.048092276
     0.047606245
     0.047120083
     0.046634052
     0.046147954
     0.045661859
     0.045175828
     0.044689696
     0.044203598
     0.043717567
     0.043231472
     0.042745374
     0.042259276
     0.041773245
     0.041287132
     0.040801052
     0.040314972
     0.039828893
     0.039342802
     0.058163565
     0.058163565
     0.039342802
     0.039828893
     0.040314972
     0.040801052
     0.041287132
     0.041773245
     0.042259276
     0.042745374
     0.043231472
     0.043717567
     0.044203598
     0.044689696
     0.045175828
     0.045661859
     0.046147954
     0.046634052
     0.047120083
     0.047606245
     0.048092276
     0.048578374
     0.049064472
     0.049550503
     0.050036598
     0.050522763
     0.051008794
     0.051494826
     0.051980987
     0.052467018
     0.052953050
     0.053439341
     0.053925242
     0.054411408
     0.054897305
     0.055383600
     0.055869631
     0.056355663
     0.056841694
     0.057327855
     0.057571068
     0.062708691
     0.062443770
     0.061914224
     0.061384819
     0.060855415
     0.060326010
     0.059796322
     0.059267059
     0.058737513
     0.058208250
     0.057678558
     0.057149153
     0.056619748
     0.056090202
     0.055560797
     0.055031393
     0.054501846
     0.053972371
     0.053442966
     0.052913491
     0.052384011
     0.051854607
     0.051325060
     0.050795656
     0.050266180
     0.049736705
     0.049207300
     0.048677787
     0.048148312
     0.047618907
     0.047089431
     0.046559956
     0.046030480
     0.045501076
     0.044971582
     0.044442121
     0.043912664
     0.043383207
     0.042853739
     0.063354053
     0.063354053
     0.042853739
     0.043383207
     0.043912664
     0.044442121
     0.044971582
     0.045501076
     0.046030480
     0.046559956
     0.047089431
     0.047618907
     0.048148312
     0.048677787
     0.049207300
     0.049736705
     0.050266180
     0.050795656
     0.051325060
     0.051854607
     0.052384011
     0.052913491
     0.053442966
     0.053972371
     0.054501846
     0.055031393
     0.055560797
     0.056090202
     0.056619748
     0.057149153
     0.057678558
     0.058208250
     0.058737513
     0.059267059
     0.059796322
     0.060326010
     0.060855415
     0.061384819
     0.061914224
     0.062443770
     0.062708691
     0.067991532
     0.067704298
     0.067130141
     0.066556141
     0.065982133
     0.065408133
     0.064833812
     0.064259969
     0.063685805
     0.063111961
     0.062537648
     0.061963640
     0.061389636
     0.060815480
     0.060241476
     0.059667472
     0.059093311
     0.058519229
     0.057945225
     0.057371147
     0.056797065
     0.056223061
     0.055648901
     0.055074897
     0.054500815
     0.053926736
     0.053352732
     0.052778613
     0.052204531
     0.051630527
     0.051056445
     0.050482363
     0.049908280
     0.049334276
     0.048760176
     0.048186116
     0.047612052
     0.047037993
     0.046463918
     0.068691269
     0.068691269
     0.046463918
     0.047037993
     0.047612052
     0.048186116
     0.048760176
     0.049334276
     0.049908280
     0.050482363
     0.051056445
     0.051630527
     0.052204531
     0.052778613
     0.053352732
     0.053926736
     0.054500815
     0.055074897
     0.055648901
     0.056223061
     0.056797065
     0.057371147
     0.057945225
     0.058519229
     0.059093311
     0.059667472
     0.060241476
     0.060815480
     0.061389636
     0.061963640
     0.062537648
     0.063111961
     0.063685805
     0.064259969
     0.064833812
     0.065408133
     0.065982133
     0.066556141
     0.067130141
     0.067704298
     0.067991532
     0.073420927
     0.073110759
     0.072490752
     0.071870908
     0.071251072
     0.070631228
     0.070011057
     0.069391385
     0.068771377
     0.068151698
     0.067531526
     0.066911682
     0.066291846
     0.065671839
     0.065051995
     0.064432159
     0.063812152
     0.063192226
     0.062572382
     0.061952461
     0.061332539
     0.060712695
     0.060092688
     0.059472848
     0.058852926
     0.058233000
     0.057613160
     0.056993194
     0.056373268
     0.055753428
     0.055133507
     0.054513581
     0.053893659
     0.053273816
     0.052653871
     0.052033968
     0.051414065
     0.050794162
     0.050174247
     0.074176542
     0.074176542
     0.050174247
     0.050794162
     0.051414065
     0.052033968
     0.052653871
     0.053273816
     0.053893659
     0.054513581
     0.055133507
     0.055753428
     0.056373268
     0.056993194
     0.057613160
     0.058233000
     0.058852926
     0.059472848
     0.060092688
     0.060712695
     0.061332539
     0.061952461
     0.062572382
     0.063192226
     0.063812152
     0.064432159
     0.065051995
     0.065671839
     0.066291846
     0.066911682
     0.067531526
     0.068151698
     0.068771377
     0.069391385
     0.070011057
     0.070631228
     0.071251072
     0.071870908
     0.072490752
     0.073110759
     0.073420927
     0.078998417
     0.078664683
     0.077997580
     0.077330649
     0.076663725
     0.075996794
     0.075329512
     0.074662760
     0.073995657
     0.073328905
     0.072661623
     0.071994692
     0.071327768
     0.070660658
     0.069993734
     0.069326803
     0.068659700
     0.067992680
     0.067325756
     0.066658735
     0.065991722
     0.065324791
     0.064657688
     0.063990757
     0.063323744
     0.062656723
     0.061989795
     0.061322734
     0.060655717
     0.059988789
     0.059321772
     0.058654755
     0.057987738
     0.057320811
     0.056653772
     0.055986777
     0.055319782
     0.054652788
     0.053985782
     0.079811431
     0.079811431
     0.053985782
     0.054652788
     0.055319782
     0.055986777
     0.056653772
     0.057320811
     0.057987738
     0.058654755
     0.059321772
     0.059988789
     0.060655717
     0.061322734
     0.061989795
     0.062656723
     0.063323744
     0.063990757
     0.064657688
     0.065324791
     0.065991722
     0.066658735
     0.067325756
     0.067992680
     0.068659700
     0.069326803
     0.069993734
     0.070660658
     0.071327768
     0.071994692
     0.072661623
     0.073328905
     0.073995657
     0.074662760
     0.075329512
     0.075996794
     0.076663725
     0.077330649
     0.077997580
     0.078664683
     0.078998417
     0.084725790
     0.084367864
     0.083652392
     0.082937106
     0.082221828
     0.081506550
     0.080790885
     0.080075800
     0.079360329
     0.078645237
     0.077929579
     0.077214293
     0.076499015
     0.075783543
     0.075068265
     0.074352987
     0.073637515
     0.072922140
     0.072206862
     0.071491480
     0.070776105
     0.070060827
     0.069345355
     0.068630077
     0.067914702
     0.067199327
     0.066484049
     0.065768622
     0.065053247
     0.064337969
     0.063622594
     0.062907211
     0.062191840
     0.061476558
     0.060761161
     0.060045809
     0.059330456
     0.058615107
     0.057899743
     0.085597746
     0.085597746
     0.057899743
     0.058615107
     0.059330456
     0.060045809
     0.060761161
     0.061476558
     0.062191840
     0.062907211
     0.063622594
     0.064337969
     0.065053247
     0.065768622
     0.066484049
     0.067199327
     0.067914702
     0.068630077
     0.069345355
     0.070060827
     0.070776105
     0.071491480
     0.072206862
     0.072922140
     0.073637515
     0.074352987
     0.075068265
     0.075783543
     0.076499015
     0.077214293
     0.077929579
     0.078645237
     0.079360329
     0.080075800
     0.080790885
     0.081506550
     0.082221828
     0.082937106
     0.083652392
     0.084367864
     0.084725790
     0.090604194
     0.090221435
     0.089456320
     0.088691413
     0.087926507
     0.087161601
     0.086396277
     0.085631579
     0.084866464
     0.084101766
     0.083336450
     0.082571544
     0.081806637
     0.081041522
     0.080276616
     0.079511710
     0.078746594
     0.077981584
     0.077216677
     0.076451674
     0.075686663
     0.074921757
     0.074156642
     0.073391736
     0.072626725
     0.071861714
     0.071096808
     0.070331752
     0.069566742
     0.068801835
     0.068036824
     0.067271814
     0.066506803
     0.065741897
     0.064976864
     0.064211875
     0.063446894
     0.062681913
     0.061916914
     0.091536649
     0.091536649
     0.061916914
     0.062681913
     0.063446894
     0.064211875
     0.064976864
     0.065741897
     0.066506803
     0.067271814
     0.068036824
     0.068801835
     0.069566742
     0.070331752
     0.071096808
     0.071861714
     0.072626725
     0.073391736
     0.074156642
     0.074921757
     0.075686663
     0.076451674
     0.077216677
     0.077981584
     0.078746594
     0.079511710
     0.080276616
     0.081041522
     0.081806637
     0.082571544
     0.083336450
     0.084101766
     0.084866464
     0.085631579
     0.086396277
     0.087161601
     0.087926507
     0.088691413
     0.089456320
     0.090221435
     0.090604194
     0.096635513
     0.096227266
     0.095411226
     0.094595402
     0.093779571
     0.092963748
     0.092147484
     0.091331877
     0.090515837
     0.089700229
     0.088883966
     0.088068143
     0.087252319
     0.086436272
     0.085620448
     0.084804624
     0.083988577
     0.083172642
     0.082356818
     0.081540883
     0.080724955
     0.079909123
     0.079093084
     0.078277260
     0.077461325
     0.076645389
     0.075829566
     0.075013578
     0.074197643
     0.073381819
     0.072565883
     0.071749948
     0.070934013
     0.070118189
     0.069302224
     0.068486318
     0.067670412
     0.066854507
     0.066038586
     0.097630039
     0.097630039
     0.066038586
     0.066854507
     0.067670412
     0.068486318
     0.069302224
     0.070118189
     0.070934013
     0.071749948
     0.072565883
     0.073381819
     0.074197643
     0.075013578
     0.075829566
     0.076645389
     0.077461325
     0.078277260
     0.079093084
     0.079909123
     0.080724955
     0.081540883
     0.082356818
     0.083172642
     0.083988577
     0.084804624
     0.085620448
     0.086436272
     0.087252319
     0.088068143
     0.088883966
     0.089700229
     0.090515837
     0.091331877
     0.092147484
     0.092963748
     0.093779571
     0.094595402
     0.095411226
     0.096227266
     0.096635513
      0.10282107
      0.10238670
      0.10151841
      0.10065037
     0.099782325
     0.098914281
     0.098045766
     0.097177960
     0.096309677
     0.095441870
     0.094573356
     0.093705311
     0.092837267
     0.091968983
     0.091100939
     0.090232894
     0.089364618
     0.088496454
     0.087628409
     0.086760253
     0.085892089
     0.085024044
     0.084155761
     0.083287716
     0.082419559
     0.081551395
     0.080683351
     0.079815127
     0.078946970
     0.078078926
     0.077210762
     0.076342598
     0.075474441
     0.074606396
     0.073738202
     0.072870068
     0.072001934
     0.071133807
     0.070265658
      0.10387925
      0.10387925
     0.070265658
     0.071133807
     0.072001934
     0.072870068
     0.073738202
     0.074606396
     0.075474441
     0.076342598
     0.077210762
     0.078078926
     0.078946970
     0.079815127
     0.080683351
     0.081551395
     0.082419559
     0.083287716
     0.084155761
     0.085024044
     0.085892089
     0.086760253
     0.087628409
     0.088496454
     0.089364618
     0.090232894
     0.091100939
     0.091968983
     0.092837267
     0.093705311
     0.094573356
     0.095441870
     0.096309677
     0.097177960
     0.098045766
     0.098914281
     0.099782325
      0.10065037
      0.10151841
      0.10238670
      0.10282107
      0.10916252
      0.10870136
      0.10777953
      0.10685794
      0.10593636
      0.10501478
      0.10409270
      0.10317137
      0.10224954
      0.10132821
      0.10040613
     0.099484548
     0.098562963
     0.097641140
     0.096719556
     0.095797971
     0.094876148
     0.093954436
     0.093032859
     0.092111155
     0.091189444
     0.090267867
     0.089346036
     0.088424459
     0.087502748
     0.086581044
     0.085659467
     0.084737696
     0.083815992
     0.082894407
     0.081972703
     0.081050999
     0.080129296
     0.079207711
     0.078285977
     0.077364303
     0.076442629
     0.075520955
     0.074599266
      0.11028597
      0.11028597
     0.074599266
     0.075520955
     0.076442629
     0.077364303
     0.078285977
     0.079207711
     0.080129296
     0.081050999
     0.081972703
     0.082894407
     0.083815992
     0.084737696
     0.085659467
     0.086581044
     0.087502748
     0.088424459
     0.089346036
     0.090267867
     0.091189444
     0.092111155
     0.093032859
     0.093954436
     0.094876148
     0.095797971
     0.096719556
     0.097641140
     0.098562963
     0.099484548
      0.10040613
      0.10132821
      0.10224954
      0.10317137
      0.10409270
      0.10501478
      0.10593636
      0.10685794
      0.10777953
      0.10870136
      0.10916252
      0.11566151
      0.11517289
      0.11419618
      0.11321973
      0.11224329
      0.11126684
      0.11028986
      0.10931368
      0.10833697
      0.10736078
      0.10638381
      0.10540736
      0.10443091
      0.10345420
      0.10247776
      0.10150131
      0.10052460
     0.099548019
     0.098571569
     0.097594991
     0.096618414
     0.095641963
     0.094665252
     0.093688808
     0.092712231
     0.091735646
     0.090759203
     0.089782558
     0.088805981
     0.087829530
     0.086852953
     0.085876368
     0.084899791
     0.083923347
     0.082946733
     0.081970185
     0.080993637
     0.080017097
     0.079040535
      0.11685184
      0.11685184
     0.079040535
     0.080017097
     0.080993637
     0.081970185
     0.082946733
     0.083923347
     0.084899791
     0.085876368
     0.086852953
     0.087829530
     0.088805981
     0.089782558
     0.090759203
     0.091735646
     0.092712231
     0.093688808
     0.094665252
     0.095641963
     0.096618414
     0.097594991
     0.098571569
     0.099548019
      0.10052460
      0.10150131
      0.10247776
      0.10345420
      0.10443091
      0.10540736
      0.10638381
      0.10736078
      0.10833697
      0.10931368
      0.11028986
      0.11126684
      0.11224329
      0.11321973
      0.11419618
      0.11517289
      0.11566151
      0.12231945
      0.12180271
      0.12076978
      0.11973712
      0.11870447
      0.11767181
      0.11663859
      0.11560622
      0.11457328
      0.11354091
      0.11250769
      0.11147504
      0.11044239
      0.10940945
      0.10837679
      0.10734414
      0.10631120
      0.10527841
      0.10424575
      0.10321296
      0.10218016
      0.10114751
      0.10011457
     0.099081919
     0.098049119
     0.097016327
     0.095983669
     0.094950810
     0.093918011
     0.092885353
     0.091852561
     0.090819769
     0.089786969
     0.088754311
     0.087721482
     0.086688727
     0.085655965
     0.084623203
     0.083590426
      0.12357831
      0.12357831
     0.083590426
     0.084623203
     0.085655965
     0.086688727
     0.087721482
     0.088754311
     0.089786969
     0.090819769
     0.091852561
     0.092885353
     0.093918011
     0.094950810
     0.095983669
     0.097016327
     0.098049119
     0.099081919
      0.10011457
      0.10114751
      0.10218016
      0.10321296
      0.10424575
      0.10527841
      0.10631120
      0.10734414
      0.10837679
      0.10940945
      0.11044239
      0.11147504
      0.11250769
      0.11354091
      0.11457328
      0.11560622
      0.11663859
      0.11767181
      0.11870447
      0.11973712
      0.12076978
      0.12180271
      0.12231945
      0.12913784
      0.12859230
      0.12750179
      0.12641156
      0.12532134
      0.12423113
      0.12314032
      0.12205040
      0.12095989
      0.11986996
      0.11877915
      0.11768893
      0.11659872
      0.11550821
      0.11441799
      0.11332776
      0.11223725
      0.11114689
      0.11005667
      0.10896631
      0.10787594
      0.10678572
      0.10569520
      0.10460499
      0.10351462
      0.10242426
      0.10133404
      0.10024360
     0.099153236
     0.098063014
     0.096972652
     0.095882282
     0.094791919
     0.093701698
     0.092611298
     0.091520973
     0.090430640
     0.089340314
     0.088249967
      0.13046686
      0.13046686
     0.088249967
     0.089340314
     0.090430640
     0.091520973
     0.092611298
     0.093701698
     0.094791919
     0.095882282
     0.096972652
     0.098063014
     0.099153236
      0.10024360
      0.10133404
      0.10242426
      0.10351462
      0.10460499
      0.10569520
      0.10678572
      0.10787594
      0.10896631
      0.11005667
      0.11114689
      0.11223725
      0.11332776
      0.11441799
      0.11550821
      0.11659872
      0.11768893
      0.11877915
      0.11986996
      0.12095989
      0.12205040
      0.12314032
      0.12423113
      0.12532134
      0.12641156
      0.12750179
      0.12859230
      0.12913784
      0.13611808
      0.13554305
      0.13439359
      0.13324444
      0.13209529
      0.13094614
      0.12979639
      0.12864754
      0.12749809
      0.12634924
      0.12519948
      0.12405033
      0.12290119
      0.12175173
      0.12060258
      0.11945343
      0.11830397
      0.11715467
      0.11600552
      0.11485622
      0.11370692
      0.11255777
      0.11140831
      0.11025916
      0.10910986
      0.10796056
      0.10681141
      0.10566203
      0.10451273
      0.10336358
      0.10221428
      0.10106497
     0.099915668
     0.098766521
     0.097617179
     0.096467920
     0.095318653
     0.094169393
     0.093020111
      0.13751894
      0.13751894
     0.093020111
     0.094169393
     0.095318653
     0.096467920
     0.097617179
     0.098766521
     0.099915668
      0.10106497
      0.10221428
      0.10336358
      0.10451273
      0.10566203
      0.10681141
      0.10796056
      0.10910986
      0.11025916
      0.11140831
      0.11255777
      0.11370692
      0.11485622
      0.11600552
      0.11715467
      0.11830397
      0.11945343
      0.12060258
      0.12175173
      0.12290119
      0.12405033
      0.12519948
      0.12634924
      0.12749809
      0.12864754
      0.12979639
      0.13094614
      0.13209529
      0.13324444
      0.13439359
      0.13554305
      0.13611808
      0.14326230
      0.14265709
      0.14144729
      0.14023784
      0.13902837
      0.13781892
      0.13660879
      0.13539967
      0.13418987
      0.13298073
      0.13177063
      0.13056117
      0.12935171
      0.12814192
      0.12693246
      0.12572299
      0.12451321
      0.12330358
      0.12209412
      0.12088450
      0.11967488
      0.11846541
      0.11725563
      0.11604616
      0.11483654
      0.11362691
      0.11241745
      0.11120775
      0.10999812
      0.10878866
      0.10757904
      0.10636941
      0.10515979
      0.10395033
      0.10274066
      0.10153108
      0.10032149
     0.099111915
     0.097902305
      0.14473669
      0.14473669
     0.097902305
     0.099111915
      0.10032149
      0.10153108
      0.10274066
      0.10395033
      0.10515979
      0.10636941
      0.10757904
      0.10878866
      0.10999812
      0.11120775
      0.11241745
      0.11362691
      0.11483654
      0.11604616
      0.11725563
      0.11846541
      0.11967488
      0.12088450
      0.12209412
      0.12330358
      0.12451321
      0.12572299
      0.12693246
      0.12814192
      0.12935171
      0.13056117
      0.13177063
      0.13298073
      0.13418987
      0.13539967
      0.13660879
      0.13781892
      0.13902837
      0.14023784
      0.14144729
      0.14265709
      0.14326230
      0.15057144
      0.14993533
      0.14866382
      0.14739266
      0.14612149
      0.14485033
      0.14357847
      0.14230764
      0.14103614
      0.13976531
      0.13849346
      0.13722229
      0.13595113
      0.13467962
      0.13340844
      0.13213728
      0.13086577
      0.12959443
      0.12832327
      0.12705193
      0.12578060
      0.12450942
      0.12323792
      0.12196675
      0.12069540
      0.11942407
      0.11815290
      0.11688147
      0.11561014
      0.11433897
      0.11306763
      0.11179630
      0.11052496
      0.10925379
      0.10798241
      0.10671111
      0.10543982
      0.10416852
      0.10289720
      0.15212104
      0.15212104
      0.10289720
      0.10416852
      0.10543982
      0.10671111
      0.10798241
      0.10925379
      0.11052496
      0.11179630
      0.11306763
      0.11433897
      0.11561014
      0.11688147
      0.11815290
      0.11942407
      0.12069540
      0.12196675
      0.12323792
      0.12450942
      0.12578060
      0.12705193
      0.12832327
      0.12959443
      0.13086577
      0.13213728
      0.13340844
      0.13467962
      0.13595113
      0.13722229
      0.13849346
      0.13976531
      0.14103614
      0.14230764
      0.14357847
      0.14485033
      0.14612149
      0.14739266
      0.14866382
      0.14993533
      0.15057144
      0.15804705
      0.15737936
      0.15604472
      0.15471046
      0.15337618
      0.15204190
      0.15070690
      0.14937298
      0.14803834
      0.14670442
      0.14536943
      0.14403515
      0.14270087
      0.14136623
      0.14003195
      0.13869767
      0.13736303
      0.13602857
      0.13469429
      0.13335983
      0.13202538
      0.13069110
      0.12935646
      0.12802218
      0.12668772
      0.12535326
      0.12401899
      0.12268444
      0.12134998
      0.12001570
      0.11868124
      0.11734679
      0.11601233
      0.11467806
      0.11334355
      0.11200914
      0.11067472
      0.10934031
      0.10800587
      0.15967359
      0.15967359
      0.10800587
      0.10934031
      0.11067472
      0.11200914
      0.11334355
      0.11467806
      0.11601233
      0.11734679
      0.11868124
      0.12001570
      0.12134998
      0.12268444
      0.12401899
      0.12535326
      0.12668772
      0.12802218
      0.12935646
      0.13069110
      0.13202538
      0.13335983
      0.13469429
      0.13602857
      0.13736303
      0.13869767
      0.14003195
      0.14136623
      0.14270087
      0.14403515
      0.14536943
      0.14670442
      0.14803834
      0.14937298
      0.15070690
      0.15204190
      0.15337618
      0.15471046
      0.15604472
      0.15737936
      0.15804705
      0.16569181
      0.16499184
      0.16359265
      0.16219383
      0.16079500
      0.15939619
      0.15799662
      0.15659818
      0.15519899
      0.15380055
      0.15240097
      0.15100215
      0.14960334
      0.14820415
      0.14680533
      0.14540651
      0.14400731
      0.14260830
      0.14120948
      0.13981049
      0.13841148
      0.13701266
      0.13561347
      0.13421464
      0.13281564
      0.13141663
      0.13001782
      0.12861872
      0.12721971
      0.12582089
      0.12442189
      0.12302288
      0.12162387
      0.12022506
      0.11882600
      0.11742704
      0.11602809
      0.11462913
      0.11323015
      0.16739704
      0.16739704
      0.11323015
      0.11462913
      0.11602809
      0.11742704
      0.11882600
      0.12022506
      0.12162387
      0.12302288
      0.12442189
      0.12582089
      0.12721971
      0.12861872
      0.13001782
      0.13141663
      0.13281564
      0.13421464
      0.13561347
      0.13701266
      0.13841148
      0.13981049
      0.14120948
      0.14260830
      0.14400731
      0.14540651
      0.14680533
      0.14820415
      0.14960334
      0.15100215
      0.15240097
      0.15380055
      0.15519899
      0.15659818
      0.15799662
      0.15939619
      0.16079500
      0.16219383
      0.16359265
      0.16499184
      0.16569181
      0.17350510
      0.17277211
      0.17130694
      0.16984215
      0.16837737
      0.16691260
      0.16544703
      0.16398264
      0.16251747
      0.16105309
      0.15958752
      0.15812273
      0.15665795
      0.15519278
      0.15372801
      0.15226322
      0.15079805
      0.14933307
      0.14786829
      0.14640331
      0.14493833
      0.14347355
      0.14200838
      0.14054361
      0.13907863
      0.13761365
      0.13614887
      0.13468379
      0.13321881
      0.13175404
      0.13028906
      0.12882408
      0.12735911
      0.12589432
      0.12442930
      0.12296437
      0.12149945
      0.12003452
      0.11856957
      0.17529072
      0.17529072
      0.11856957
      0.12003452
      0.12149945
      0.12296437
      0.12442930
      0.12589432
      0.12735911
      0.12882408
      0.13028906
      0.13175404
      0.13321881
      0.13468379
      0.13614887
      0.13761365
      0.13907863
      0.14054361
      0.14200838
      0.14347355
      0.14493833
      0.14640331
      0.14786829
      0.14933307
      0.15079805
      0.15226322
      0.15372801
      0.15519278
      0.15665795
      0.15812273
      0.15958752
      0.16105309
      0.16251747
      0.16398264
      0.16544703
      0.16691260
      0.16837737
      0.16984215
      0.17130694
      0.17277211
      0.17350510
      0.18149053
      0.18072380
      0.17919120
      0.17765900
      0.17612681
      0.17459461
      0.17306159
      0.17152981
      0.16999720
      0.16846542
      0.16693240
      0.16540021
      0.16386801
      0.16233541
      0.16080321
      0.15927102
      0.15773840
      0.15620601
      0.15467381
      0.15314141
      0.15160900
      0.15007681
      0.14854421
      0.14701201
      0.14547960
      0.14394721
      0.14241502
      0.14088251
      0.13935010
      0.13781790
      0.13628551
      0.13475311
      0.13322070
      0.13168851
      0.13015606
      0.12862371
      0.12709136
      0.12555900
      0.12402663
      0.18335834
      0.18335834
      0.12402663
      0.12555900
      0.12709136
      0.12862371
      0.13015606
      0.13168851
      0.13322070
      0.13475311
      0.13628551
      0.13781790
      0.13935010
      0.14088251
      0.14241502
      0.14394721
      0.14547960
      0.14701201
      0.14854421
      0.15007681
      0.15160900
      0.15314141
      0.15467381
      0.15620601
      0.15773840
      0.15927102
      0.16080321
      0.16233541
      0.16386801
      0.16540021
      0.16693240
      0.16846542
      0.16999720
      0.17152981
      0.17306159
      0.17459461
      0.17612681
      0.17765900
      0.17919120
      0.18072380
      0.18149053
      0.18964793
      0.18884674
      0.18724525
      0.18564419
      0.18404312
      0.18244207
      0.18084013
      0.17923951
      0.17763801
      0.17603739
      0.17443547
      0.17283440
      0.17123334
      0.16963184
      0.16803078
      0.16642971
      0.16482823
      0.16322695
      0.16162589
      0.16002461
      0.15842333
      0.15682226
      0.15522078
      0.15361971
      0.15201843
      0.15041716
      0.14881609
      0.14721471
      0.14561343
      0.14401238
      0.14241110
      0.14080982
      0.13920854
      0.13760747
      0.13600615
      0.13440491
      0.13280369
      0.13120247
      0.12960123
      0.19159968
      0.19159968
      0.12960123
      0.13120247
      0.13280369
      0.13440491
      0.13600615
      0.13760747
      0.13920854
      0.14080982
      0.14241110
      0.14401238
      0.14561343
      0.14721471
      0.14881609
      0.15041716
      0.15201843
      0.15361971
      0.15522078
      0.15682226
      0.15842333
      0.16002461
      0.16162589
      0.16322695
      0.16482823
      0.16642971
      0.16803078
      0.16963184
      0.17123334
      0.17283440
      0.17443547
      0.17603739
      0.17763801
      0.17923951
      0.18084013
      0.18244207
      0.18404312
      0.18564419
      0.18724525
      0.18884674
      0.18964793
      0.19798121
      0.19714482
      0.19547296
      0.19380155
      0.19213013
      0.19045871
      0.18878640
      0.18711545
      0.18544358
      0.18377261
      0.18210030
      0.18042888
      0.17875747
      0.17708561
      0.17541419
      0.17374277
      0.17207091
      0.17039928
      0.16872786
      0.16705622
      0.16538458
      0.16371317
      0.16204131
      0.16036989
      0.15869825
      0.15702660
      0.15535520
      0.15368344
      0.15201181
      0.15034039
      0.14866875
      0.14699711
      0.14532547
      0.14365406
      0.14198236
      0.14031078
      0.13863920
      0.13696761
      0.13529600
      0.20001873
      0.20001873
      0.13529600
      0.13696761
      0.13863920
      0.14031078
      0.14198236
      0.14365406
      0.14532547
      0.14699711
      0.14866875
      0.15034039
      0.15201181
      0.15368344
      0.15535520
      0.15702660
      0.15869825
      0.16036989
      0.16204131
      0.16371317
      0.16538458
      0.16705622
      0.16872786
      0.17039928
      0.17207091
      0.17374277
      0.17541419
      0.17708561
      0.17875747
      0.18042888
      0.18210030
      0.18377261
      0.18544358
      0.18711545
      0.18878640
      0.19045871
      0.19213013
      0.19380155
      0.19547296
      0.19714482
      0.19798121
      0.20648962
      0.20561729
      0.20387357
      0.20213033
      0.20038709
      0.19864385
      0.19689967
      0.19515689
      0.19341317
      0.19167040
      0.18992621
      0.18818296
      0.18643972
      0.18469600
      0.18295276
      0.18120952
      0.17946580
      0.17772233
      0.17597908
      0.17423560
      0.17249213
      0.17074887
      0.16900517
      0.16726193
      0.16551845
      0.16377497
      0.16203173
      0.16028813
      0.15854464
      0.15680140
      0.15505792
      0.15331444
      0.15157096
      0.14982772
      0.14808418
      0.14634076
      0.14459734
      0.14285392
      0.14111046
      0.20861471
      0.20861471
      0.14111046
      0.14285392
      0.14459734
      0.14634076
      0.14808418
      0.14982772
      0.15157096
      0.15331444
      0.15505792
      0.15680140
      0.15854464
      0.16028813
      0.16203173
      0.16377497
      0.16551845
      0.16726193
      0.16900517
      0.17074887
      0.17249213
      0.17423560
      0.17597908
      0.17772233
      0.17946580
      0.18120952
      0.18295276
      0.18469600
      0.18643972
      0.18818296
      0.18992621
      0.19167040
      0.19341317
      0.19515689
      0.19689967
      0.19864385
      0.20038709
      0.20213033
      0.20387357
      0.20561729
      0.20648962
      0.21517505
      0.21426602
      0.21244897
      0.21063240
      0.20881583
      0.20699926
      0.20518170
      0.20336562
      0.20154858
      0.19973250
      0.19791494
      0.19609837
      0.19428180
      0.19246474
      0.19064817
      0.18883161
      0.18701455
      0.18519773
      0.18338117
      0.18156435
      0.17974754
      0.17793097
      0.17611390
      0.17429733
      0.17248052
      0.17066371
      0.16884714
      0.16703020
      0.16521339
      0.16339682
      0.16158001
      0.15976319
      0.15794638
      0.15612981
      0.15431294
      0.15249619
      0.15067942
      0.14886267
      0.14704590
      0.21738952
      0.21738952
      0.14704590
      0.14886267
      0.15067942
      0.15249619
      0.15431294
      0.15612981
      0.15794638
      0.15976319
      0.16158001
      0.16339682
      0.16521339
      0.16703020
      0.16884714
      0.17066371
      0.17248052
      0.17429733
      0.17611390
      0.17793097
      0.17974754
      0.18156435
      0.18338117
      0.18519773
      0.18701455
      0.18883161
      0.19064817
      0.19246474
      0.19428180
      0.19609837
      0.19791494
      0.19973250
      0.20154858
      0.20336562
      0.20518170
      0.20699926
      0.20881583
      0.21063240
      0.21244897
      0.21426602
      0.21517505
      0.22403994
      0.22309346
      0.22120155
      0.21931013
      0.21741873
      0.21552733
      0.21363489
      0.21174400
      0.20985207
      0.20796117
      0.20606874
      0.20417733
      0.20228593
      0.20039400
      0.19850260
      0.19661120
      0.19471927
      0.19282761
      0.19093619
      0.18904454
      0.18715286
      0.18526146
      0.18336955
      0.18147813
      0.17958647
      0.17769480
      0.17580339
      0.17391160
      0.17201994
      0.17012852
      0.16823687
      0.16634519
      0.16445354
      0.16256213
      0.16067040
      0.15877880
      0.15688720
      0.15499561
      0.15310396
      0.22634564
      0.22634564
      0.15310396
      0.15499561
      0.15688720
      0.15877880
      0.16067040
      0.16256213
      0.16445354
      0.16634519
      0.16823687
      0.17012852
      0.17201994
      0.17391160
      0.17580339
      0.17769480
      0.17958647
      0.18147813
      0.18336955
      0.18526146
      0.18715286
      0.18904454
      0.19093619
      0.19282761
      0.19471927
      0.19661120
      0.19850260
      0.20039400
      0.20228593
      0.20417733
      0.20606874
      0.20796117
      0.20985207
      0.21174400
      0.21363489
      0.21552733
      0.21741873
      0.21931013
      0.22120155
      0.22309346
      0.22403994
      0.23308562
      0.23210093
      0.23013262
      0.22816485
      0.22619708
      0.22422929
      0.22226046
      0.22029321
      0.21832491
      0.21635766
      0.21438883
      0.21242106
      0.21045327
      0.20848498
      0.20651719
      0.20454942
      0.20258112
      0.20061308
      0.19864529
      0.19667725
      0.19470921
      0.19274144
      0.19077314
      0.18880536
      0.18683732
      0.18486927
      0.18290150
      0.18093333
      0.17896529
      0.17699751
      0.17502947
      0.17306143
      0.17109339
      0.16912562
      0.16715752
      0.16518953
      0.16322157
      0.16125359
      0.15928558
      0.23548442
      0.23548442
      0.15928558
      0.16125359
      0.16322157
      0.16518953
      0.16715752
      0.16912562
      0.17109339
      0.17306143
      0.17502947
      0.17699751
      0.17896529
      0.18093333
      0.18290150
      0.18486927
      0.18683732
      0.18880536
      0.19077314
      0.19274144
      0.19470921
      0.19667725
      0.19864529
      0.20061308
      0.20258112
      0.20454942
      0.20651719
      0.20848498
      0.21045327
      0.21242106
      0.21438883
      0.21635766
      0.21832491
      0.22029321
      0.22226046
      0.22422929
      0.22619708
      0.22816485
      0.23013262
      0.23210093
      0.23308562
      0.24128021
      0.24026091
      0.23822342
      0.23618646
      0.23414950
      0.23211254
      0.23007450
      0.22803809
      0.22600058
      0.22396417
      0.22192611
      0.21988915
      0.21785221
      0.21581469
      0.21377774
      0.21174078
      0.20970328
      0.20766604
      0.20562908
      0.20359185
      0.20155463
      0.19951767
      0.19748016
      0.19544321
      0.19340597
      0.19136874
      0.18933178
      0.18729442
      0.18525718
      0.18322024
      0.18118300
      0.17914577
      0.17710854
      0.17507158
      0.17303428
      0.17099711
      0.16895996
      0.16692279
      0.16488560
      0.24376336
      0.24376336
      0.16488560
      0.16692279
      0.16895996
      0.17099711
      0.17303428
      0.17507158
      0.17710854
      0.17914577
      0.18118300
      0.18322024
      0.18525718
      0.18729442
      0.18933178
      0.19136874
      0.19340597
      0.19544321
      0.19748016
      0.19951767
      0.20155463
      0.20359185
      0.20562908
      0.20766604
      0.20970328
      0.21174078
      0.21377774
      0.21581469
      0.21785221
      0.21988915
      0.22192611
      0.22396417
      0.22600058
      0.22803809
      0.23007450
      0.23211254
      0.23414950
      0.23618646
      0.23822342
      0.24026091
      0.24128021
