xH2: [0.13734576 0.14114884 0.14714884 0.15036417 0.15257474 0.15453031
 0.1564377  0.15824785 0.15983276 0.16118402]
nH2: [6.34697782e+18 6.16341235e+18 5.07644835e+18 3.56866372e+18
 2.10832655e+18 1.06981967e+18 5.15351774e+17 2.53172407e+17
 1.29621028e+17 6.72466307e+16]
GammaxH2: [1.48275460e+22 1.44676049e+22 1.26948712e+22 1.11056454e+22
 7.77515057e+21 3.96519965e+21 1.93607410e+21 9.70256067e+20
 5.12753918e+20 2.80237665e+20]
TH2: [0.         0.         0.         0.         0.         0.
 0.         0.         0.         1.39678551]
qxH2_total: [1107.99253706 1079.60466696  922.25792374  693.62875913  406.65222546
  231.92822144  137.16353305   91.4694485    69.69158966  173.06625572]
nHP: [3.91998097e+17 4.74414945e+17 5.59706574e+17 6.81270413e+17
 5.00481260e+17 2.67600851e+17 1.28908242e+17 6.35206793e+16
 3.38616607e+16 1.87625083e+16]
THP: [ 9.25226988  9.27079681 10.7088499  14.88977778 17.2970564  18.05338288
 18.05338288 18.09926568 18.72906705 19.84803651]
SH: [9.65568744e+21 4.11940926e+22 1.68959332e+23 2.96091601e+23
 2.53166230e+23 1.43961978e+23 7.11010867e+22 3.67855958e+22
 2.13496612e+22 1.28135197e+22]
SP: [3.95507176e+22 1.67962874e+23 7.72226166e+23 1.74890152e+24
 1.67413679e+24 9.82985217e+23 4.85484557e+23 2.51651856e+23
 1.49824716e+23 9.38739277e+22]
xH: [0.13734576 0.1376182  0.1380182  0.1384182  0.1388182  0.1392182
 0.1396182  0.1400182  0.1404182  0.1408182  0.1412182  0.1416182
 0.1420182  0.1424182  0.1428182  0.1432182  0.1436182  0.1440182
 0.1444182  0.1448182  0.1452182  0.1456182  0.1460182  0.1464182
 0.1468182  0.1472182  0.1476182  0.1480182  0.1484182  0.1488182
 0.1492182  0.1496182  0.1500182  0.1504182  0.1508182  0.1512182
 0.1516182  0.1520182  0.1524182  0.1528182  0.1532182  0.1536182
 0.1540182  0.1544182  0.1548182  0.1552182  0.1556182  0.1560182
 0.1564182  0.1568182  0.1572182  0.1576182  0.1580182  0.1584182
 0.1588182  0.1592182  0.1596182  0.1600182  0.1604182  0.1608182
 0.1612182  0.1616182  0.1620182  0.1624182  0.1628182  0.1632182
 0.1636182  0.1640182  0.1644182  0.1648182  0.1652182  0.1656182
 0.1660182  0.1664182  0.1668182  0.1672182  0.1676182  0.1680182
 0.1684182  0.1688182  0.1692182  0.1696182  0.1700182  0.1704182
 0.1708182  0.1712182  0.1716182  0.1720182  0.1724182  0.1728182
 0.1732182  0.1736182  0.1740182  0.1744182  0.1748182  0.1752182
 0.1756182  0.1760182  0.1764182  0.1768182  0.1772182  0.1776182
 0.1780182  0.1784182  0.1788182  0.1792182  0.1796182  0.1800182
 0.1804182  0.1808182  0.1812182  0.1816182  0.1820182  0.1824182
 0.1828182  0.1832182  0.1836182  0.1840182  0.1844182  0.1848182
 0.1852182  0.1856182  0.1860182  0.1864182  0.1868182  0.1872182
 0.1876182  0.1880182  0.1884182  0.1888182  0.1892182  0.1896182
 0.1900182  0.1904182  0.1908182  0.1912182  0.1916182  0.1920182
 0.1924182  0.1928182  0.1932182  0.1936182  0.1940182  0.1944182
 0.1948182 ]
nH: [2.35385569e+17 2.35660989e+17 2.36131811e+17 2.36730761e+17
 2.37415125e+17 2.38149742e+17 2.38914464e+17 2.39680399e+17
 2.40444903e+17 2.41245718e+17 2.42112826e+17 2.43051725e+17
 2.44070436e+17 2.45169184e+17 2.46350489e+17 2.47614329e+17
 2.48955167e+17 2.50367634e+17 2.51847939e+17 2.53411426e+17
 2.55066171e+17 2.56809321e+17 2.58642682e+17 2.60558908e+17
 2.62565444e+17 2.64662727e+17 2.66834599e+17 2.69060547e+17
 2.71308896e+17 2.73556627e+17 2.75770586e+17 2.77900218e+17
 2.79890994e+17 2.81677267e+17 2.83180857e+17 2.84350863e+17
 2.85174346e+17 2.85652124e+17 2.85803508e+17 2.85602676e+17
 2.84982024e+17 2.83942260e+17 2.82540641e+17 2.80831667e+17
 2.78878260e+17 2.76736987e+17 2.74447809e+17 2.72050512e+17
 2.69582633e+17 2.67074455e+17 2.64546393e+17 2.62007691e+17
 2.59465266e+17 2.56931418e+17 2.54403847e+17 2.51882835e+17
 2.49371204e+17 2.46868713e+17 2.44392906e+17 2.41957715e+17
 2.36448767e+17 2.27836918e+17 2.19221334e+17 2.10631433e+17
 2.02111222e+17 1.93698336e+17 1.85428103e+17 1.77338177e+17
 1.69446695e+17 1.61759916e+17 1.54283712e+17 1.46990266e+17
 1.39840682e+17 1.32785522e+17 1.25572087e+17 1.18052242e+17
 1.10188326e+17 1.01910457e+17 9.34026617e+16 8.50726905e+16
 7.72066912e+16 6.96256689e+16 6.21246616e+16 5.48574839e+16
 4.81489863e+16 4.21684476e+16 3.69325973e+16 3.24364048e+16
 2.85976534e+16 2.53208736e+16 2.25215638e+16 2.01247559e+16
 1.80679454e+16 1.62988260e+16 1.47741862e+16 1.34573130e+16
 1.23166735e+16 1.13258895e+16 1.04626539e+16 9.70841823e+15
 9.04741929e+15 8.46622018e+15 7.95354603e+15 7.49969795e+15
 7.09669765e+15 6.73770367e+15 6.41658334e+15 6.12813006e+15
 5.86791224e+15 5.63214654e+15 5.41759276e+15 5.22146667e+15
 5.04136734e+15 4.87521628e+15 4.72120577e+15 4.57775323e+15
 4.44351189e+15 4.31732674e+15 4.19816701e+15 4.08521498e+15
 3.97777144e+15 3.87514330e+15 3.77670342e+15 3.68188369e+15
 3.59016551e+15 3.50106980e+15 3.41414758e+15 3.32896869e+15
 3.24512045e+15 3.16224739e+15 3.08000197e+15 2.99797971e+15
 2.91573036e+15 2.83273815e+15 2.74839108e+15 2.66193518e+15
 2.57240497e+15 2.47851221e+15 2.37845599e+15 2.26957291e+15
 2.14763809e+15 2.00536841e+15 1.82906823e+15 1.59109997e+15
 1.23490654e+15]
GammaxH: [-2.87884164e+21 -2.87325646e+21 -2.86298951e+21 -2.85025201e+21
 -2.83498693e+21 -2.81714804e+21 -2.79670951e+21 -2.77363304e+21
 -2.74791635e+21 -2.71961460e+21 -2.68841253e+21 -2.65224204e+21
 -2.60940119e+21 -2.55989828e+21 -2.50374662e+21 -2.44095756e+21
 -2.37153606e+21 -2.29548868e+21 -2.21282736e+21 -2.12360394e+21
 -2.02786272e+21 -1.92567263e+21 -1.81714606e+21 -1.70237514e+21
 -1.58156782e+21 -1.45442690e+21 -1.31814728e+21 -1.17044273e+21
 -1.01145044e+21 -8.41421729e+20 -6.60602233e+20 -4.69165198e+20
 -2.67298475e+20 -5.64099315e+19  1.54047535e+20  3.55901159e+20
  5.49231373e+20  7.34216964e+20  9.10962185e+20  1.07623790e+21
  1.22450263e+21  1.35377875e+21  1.46450239e+21  1.55689037e+21
  1.63326493e+21  1.69668665e+21  1.74800234e+21  1.78727504e+21
  1.81452346e+21  1.83263169e+21  1.84464161e+21  1.85060082e+21
  1.85035679e+21  1.84443972e+21  1.83402013e+21  1.81969886e+21
  1.80125309e+21  1.77860085e+21  1.75213588e+21  1.72187976e+21
  1.68289188e+21  1.63681196e+21  1.59004142e+21  1.54271911e+21
  1.49506881e+21  1.44729335e+21  1.39960979e+21  1.35225543e+21
  1.30536580e+21  1.25900017e+21  1.21322296e+21  1.16786479e+21
  1.12266519e+21  1.07732385e+21  1.03022161e+21  9.80370535e+20
  9.27480785e+20  8.71079022e+20  8.12293170e+20  7.53323139e+20
  6.95788906e+20  6.38737724e+20  5.81056726e+20  5.24114996e+20
  4.70285820e+20  4.20969890e+20  3.76593872e+20  3.37272010e+20
  3.02663431e+20  2.72377106e+20  2.45997223e+20  2.23049381e+20
  2.03112114e+20  1.85811858e+20  1.70826491e+20  1.57867503e+20
  1.46671204e+20  1.37007576e+20  1.28676218e+20  1.21500624e+20
  1.15326922e+20  1.10020018e+20  1.05460694e+20  1.01546642e+20
  9.81821578e+19  9.52845665e+19  9.27898685e+19  9.06435051e+19
  8.87989827e+19  8.72167073e+19  8.58630039e+19  8.47092885e+19
  8.37313622e+19  8.29088163e+19  8.22245344e+19  8.16642771e+19
  8.12132555e+19  8.08574476e+19  8.05860400e+19  8.03834373e+19
  8.02372491e+19  8.01441646e+19  8.01019095e+19  8.01091448e+19
  8.01653795e+19  8.02709035e+19  8.04266792e+19  8.06343501e+19
  8.08953562e+19  8.12075386e+19  8.15703962e+19  8.19884491e+19
  8.24669911e+19  8.30122480e+19  8.36315964e+19  8.43338744e+19
  8.51298339e+19  8.60328147e+19  8.70597869e+19  8.82330562e+19
  8.95832586e+19  9.11550538e+19  9.30187847e+19  9.52955196e+19
  9.82097500e+19]
TH: [ 10.00112576  10.00384683  10.00906082  10.01566801  10.0237316
  10.03329031  10.04433418  10.05688536  10.07087748  10.08608814
  10.10253158  10.12134791  10.14330886  10.16806333  10.1952129
  10.22433785  10.2550197   10.28682026  10.31927396  10.35176495
  10.38369901  10.41447924  10.44343865  10.47002638  10.49350639
  10.51334741  10.52953456  10.54149395  10.54806096  10.54781488
  10.53932829  10.52123565  10.49199343  10.45003131  10.39483504
  10.32707843  10.24708845  10.1548447   10.04970892   9.9338285
   9.8122287    9.68832241   9.56397767   9.44067276   9.31944684
   9.20088629   9.08568948   8.97479531   8.86903315   8.76793776
   8.6706875    8.57728004   8.48771928   8.40192516   8.31919574
   8.23902376   8.16134452   8.08588339   8.0122457    7.94001634
   7.95824371   8.07617828   8.21004161   8.36092333   8.52963476
   8.71701901   8.92384531   9.15069275   9.39855601   9.66884875
   9.96313609  10.28474229  10.63846865  11.03114302  11.48500582
  12.0238145   12.6717332   13.4646      14.42296354  15.53971328
  16.80919238  18.2990298   20.11864686  22.32520584  24.90236596
  27.82499564  31.08297917  34.63721557  38.47501507  42.58985127
  46.96579551  51.58443493  56.42145379  61.4468837   66.62314575
  71.90875431  77.26202582  82.63953712  87.99837577  93.29529435
  98.490142   103.54710728 108.43381385 113.12376781 117.59332405
 121.82593646 125.81384484 129.55270956 133.04159692 136.28261636
 139.28046478 142.04195823 144.57558369 146.89108247 148.99904759
 150.91040209 152.6359646  154.18686439 155.57414954 156.80851879
 157.901742   158.86564732 159.7107787  160.44696625 161.08348578
 161.62915616 162.09244561 162.48150886 162.80419261 163.06915867
 163.28656916 163.46750117 163.6246077  163.77364272 163.93530054
 164.13801274 164.42249451 164.84955857 165.51449643 166.57581618
 168.31808388 171.30220937 176.75589018 187.66182915 211.70070863]
qxH_total: [-34135.63310494 -34125.55641104 -34106.32562437 -34083.16719039
 -34054.9648365  -34020.87548645 -33980.46411957 -33933.12123608
 -33878.80814678 -33818.3505826  -33751.38105391 -33672.12673577
 -33575.77175053 -33462.09903984 -33330.91878154 -33181.9959424
 -33015.00175063 -32829.60939656 -32625.50052185 -32402.4963534
 -32160.25655847 -31898.50480653 -31617.17821964 -31316.08715582
 -30995.51932453 -30653.5470306  -30276.7959337  -29853.28501776
 -29381.19593412 -28858.85393099 -28284.56942934 -27656.4343426
 -26972.45284929 -26235.25106902 -25477.96707357 -24730.33008284
 -23992.5081632  -23264.47036293 -22546.25620264 -21853.86389829
 -21213.69923717 -20635.92966389 -20120.23379449 -19666.861287
 -19268.90153323 -18916.26258819 -18606.15258136 -18338.72067794
 -18113.9456143  -17919.76235606 -17743.60144588 -17584.1568098
 -17440.3127917  -17308.84168755 -17182.68043669 -17057.46364304
 -16932.53984007 -16805.87664141 -16674.50452606 -16536.84747672
 -16413.17450627 -16299.80231623 -16172.87819232 -16032.8534517
 -15881.52194946 -15720.4263842  -15550.83076587 -15374.6518705
 -15192.66038604 -15005.38992429 -14813.31034183 -14615.15270748
 -14408.973061   -14188.8682862  -13923.77932722 -13585.4440076
 -13144.27919592 -12554.92496674 -11810.00060394 -10996.81549915
 -10191.12199449  -9326.92746356  -8306.59423242  -7113.39895031
  -5840.59501753  -4564.25193807  -3325.53908287  -2181.60185769
  -1139.19639347   -179.4338209     712.19795249   1541.79551521
   2314.76008913   3035.89923215   3709.37900924   4338.97290038
   4927.84489797   5478.7134127    5994.28838803   6476.33021317
   6926.68515343   7347.12797559   7738.91547462   8103.7046547
   8441.7020302    8753.47912011   9041.27901657   9307.1814029
   9553.12446327   9780.92070025   9992.2706373   10188.77496878
  10371.94476773  10543.21104112  10703.93440611  10855.41563425
  10998.44747458  11133.5833386   11261.55453044  11382.13340655
  11495.34192325  11602.31277501  11704.11781468  11801.77979076
  11896.28029701  11988.56667316  12079.5502867   12170.1183286
  12261.02138941  12352.41762089  12444.59797539  12538.43897481
  12634.80967455  12734.58247248  12838.64300456  12947.90108537
  13063.30404601  13185.85380532  13316.62957913  13456.82015312
  13607.77286026  13771.07622415  13948.73291433  14143.68092109
  14362.08545777]
NetHSource: [4.61168278e+22 5.02581021e+22 5.91523366e+22 6.78315452e+22
 7.54232387e+22 8.30273198e+22 9.00086271e+22 9.66944424e+22
 1.03619567e+23 1.11641040e+23 1.21483750e+23 1.40224627e+23
 1.59127165e+23 1.78116478e+23 1.97397902e+23 2.16715543e+23
 2.36164527e+23 2.55697722e+23 2.75478688e+23 2.96252356e+23
 3.17098769e+23 3.38452530e+23 3.60118030e+23 3.82106030e+23
 4.05184853e+23 4.30964798e+23 4.69041140e+23 5.07371158e+23
 5.46110191e+23 5.86091975e+23 6.26276597e+23 6.67011586e+23
 7.08074201e+23 7.42798866e+23 7.36506636e+23 7.30181419e+23
 7.22738953e+23 7.14669189e+23 7.06043651e+23 6.77690703e+23
 6.37548633e+23 5.95851996e+23 5.53144585e+23 5.10761111e+23
 4.76096317e+23 4.45144532e+23 4.13499228e+23 3.81672157e+23
 3.49930293e+23 3.33260144e+23 3.17312676e+23 3.02414584e+23
 2.87973966e+23 2.77038321e+23 2.72140502e+23 2.67168189e+23
 2.63667039e+23 2.62064922e+23 2.62120455e+23 2.63334650e+23
 2.36511305e+23 2.36750565e+23 2.36518267e+23 2.35598802e+23
 2.33436549e+23 2.30908357e+23 2.27287265e+23 2.23096905e+23
 2.18761165e+23 2.14363734e+23 2.09828894e+23 2.06889160e+23
 2.04405302e+23 2.04488132e+23 2.16760689e+23 2.26698531e+23
 2.43899045e+23 2.61665628e+23 2.71878690e+23 2.65027672e+23
 2.57030291e+23 2.65401522e+23 2.77071602e+23 2.80671059e+23
 2.69103007e+23 2.57065622e+23 2.39177120e+23 2.20406156e+23
 2.03746353e+23 1.88973115e+23 1.75964979e+23 1.64474926e+23
 1.54330836e+23 1.45343167e+23 1.37262869e+23 1.30122482e+23
 1.23743798e+23 1.18061528e+23 1.12980269e+23 1.08328994e+23
 1.04174453e+23 1.00347720e+23 9.68619711e+22 9.36721450e+22
 9.05796362e+22 8.77718243e+22 8.52134901e+22 8.28741067e+22
 8.07271756e+22 7.87496307e+22 7.69213320e+22 7.52246272e+22
 7.36439805e+22 7.21656578e+22 7.07774476e+22 6.94683860e+22
 6.81725057e+22 6.69146954e+22 6.56821819e+22 6.43605816e+22
 6.30922948e+22 6.18714140e+22 6.06924401e+22 5.95502699e+22
 5.84401350e+22 5.73575266e+22 5.62970735e+22 5.52551451e+22
 5.42115047e+22 5.31063731e+22 5.20125960e+22 5.09258589e+22
 4.98413421e+22 4.87535336e+22 4.76559214e+22 4.65405288e+22
 4.53972136e+22 4.42125301e+22 4.29678324e+22 4.16357080e+22
 4.01729696e+22 3.85055810e+22 3.64947221e+22 3.38593346e+22
 3.00137632e+22]
Sion: [9.09799346e+20 1.24679629e+21 1.74349414e+21 2.18994418e+21
 2.39719727e+21 2.60615864e+21 2.67900834e+21 2.68759696e+21
 2.74847721e+21 3.04745298e+21 3.34926994e+21 3.71649155e+21
 4.11705415e+21 4.53466945e+21 5.01370425e+21 5.49895655e+21
 6.01097195e+21 6.53957216e+21 7.12579203e+21 7.95343139e+21
 8.80128974e+21 9.99644547e+21 1.14306733e+22 1.31086110e+22
 1.56172391e+22 1.83706992e+22 2.14671082e+22 2.48746992e+22
 2.86792697e+22 3.33914889e+22 3.84638729e+22 4.40695837e+22
 5.01191102e+22 5.64127900e+22 6.25676018e+22 6.89366875e+22
 7.46685978e+22 8.01067701e+22 8.52970124e+22 8.90824673e+22
 9.27900063e+22 9.50196000e+22 9.64842061e+22 9.76007049e+22
 9.75564759e+22 9.74372092e+22 9.70966617e+22 9.66360567e+22
 9.62003652e+22 9.59971636e+22 9.57737691e+22 9.61454080e+22
 9.67774609e+22 9.76899400e+22 9.99526737e+22 1.02187695e+23
 1.05638967e+23 1.09659393e+23 1.13929573e+23 1.19367398e+23
 1.23201967e+23 1.25488665e+23 1.27538056e+23 1.29106683e+23
 1.29935236e+23 1.30404388e+23 1.30072844e+23 1.29244343e+23
 1.28197369e+23 1.27060908e+23 1.25682387e+23 1.25520785e+23
 1.25632808e+23 1.27371110e+23 1.37512952e+23 1.45881071e+23
 1.59091654e+23 1.72276149e+23 1.80180853e+23 1.78096773e+23
 1.74227745e+23 1.80578300e+23 1.87702031e+23 1.88118506e+23
 1.78579088e+23 1.68035615e+23 1.54100856e+23 1.39877622e+23
 1.27041510e+23 1.15401555e+23 1.05129630e+23 9.60586178e+22
 8.80641289e+22 8.10082262e+22 7.47231340e+22 6.92018579e+22
 6.43227773e+22 6.00179116e+22 5.62118934e+22 5.28050030e+22
 4.97936963e+22 4.70888955e+22 4.46716194e+22 4.25041137e+22
 4.05016592e+22 3.87108824e+22 3.71034917e+22 3.56551797e+22
 3.43450276e+22 3.31549907e+22 3.20694568e+22 3.10748838e+22
 3.01594883e+22 2.93129765e+22 2.85263133e+22 2.77915103e+22
 2.70854628e+22 2.64121341e+22 2.57648659e+22 2.51089870e+22
 2.44830780e+22 2.38832852e+22 2.33061033e+22 2.27483414e+22
 2.22070721e+22 2.16795747e+22 2.11629977e+22 2.06550329e+22
 2.01489623e+22 1.96277997e+22 1.91102147e+22 1.85937953e+22
 1.80758406e+22 1.75532408e+22 1.70222895e+22 1.64784037e+22
 1.59156967e+22 1.53262947e+22 1.46991709e+22 1.40179954e+22
 1.32568382e+22 1.23709682e+22 1.12762368e+22 9.80282124e+21
 7.60329869e+21]
QH_total: [ 110947.89287835  123217.86237478  143261.51204289  163626.39332237
  182772.81066038  202034.63036257  220348.56852188  238186.43942336
  256420.32340518  276565.0531631   301962.34262563  352451.18720244
  404072.39839142  456709.88121744  510950.18516726  566182.62146958
  622711.87186372  680442.17247033  739971.52771146  804266.54842795
  870291.10079279  938748.10711888 1009199.76700993 1081742.25475988
 1158079.2313438  1246918.82417132 1392444.06604099 1543913.1790104
 1701985.67277397 1870297.92788895 2044295.36271052 2226042.20256321
 2414447.79743127 2584814.65469299 2606017.02449452 2625870.42748647
 2639958.77755242 2650409.76074281 2657441.12105236 2574001.66502397
 2436623.85207755 2291592.71258413 2141729.58993898 1989739.15959627
 1864147.4311022  1752159.80017785 1637415.08623627 1521632.03272496
 1406860.38713221 1354090.05445277 1304366.16066339 1263127.45284939
 1226113.58109561 1205052.65842899 1213634.01725777 1222542.34601024
 1240926.92518505 1269717.42588396 1306610.18025085 1349332.57484056
 1288896.38645944 1347758.06007042 1405535.96367709 1460990.43417843
 1504791.05079596 1548556.67501862 1582049.42295116 1610655.36500962
 1638913.09908035 1665939.17959412 1692854.39705946 1737273.90644893
 1789733.97711629 1887691.24646585 2200129.02575946 2524177.12397128
 3051492.85289729 3700565.75155747 4269026.95592516 4348067.38255365
 4426836.17557435 4993734.82956269 5792906.88057126 6476473.78224694
 6635155.41607565 6791574.08063614 6649491.25846077 6394264.46209806
 6172502.16299925 6000767.31228516 5843897.51033944 5699432.54801119
 5566262.36473823 5442443.25914545 5323424.52770826 5212824.08055703
 5106399.43868341 5005516.42378643 4909321.67804978 4811224.51166283
 4719062.14598447 4625090.4752845  4533198.32124295 4443094.52393606
 4343223.50588655 4248651.6509465  4158981.21394478 4073852.52815632
 3992939.44516864 3915945.14985278 3842601.42234281 3772663.33826344
 3705905.78260052 3642122.7237953  3581125.59143111 3522740.63565228
 3462670.67037964 3403184.90483452 3343762.29349246 3276319.9073064
 3211559.3502053  3149328.87975987 3089487.39181995 3031903.68965142
 2976455.69002424 2923029.57893736 2871442.2274963  2821638.90527588
 2772343.55871845 2719329.46745173 2668129.56147257 2618653.56165334
 2570816.820766   2524539.4072555  2479745.61164467 2436362.84415426
 2394322.1002476  2353556.31490818 2314000.31598027 2275588.36334772
 2238252.56628291 2201917.45764155 2166489.49582549 2131833.6229096
 2097736.62925283]
SideWallH: [0. 0. 0. 0. 0. 0. 0. 0. 0. 0. 0. 0. 0. 0. 0. 0. 0. 0. 0. 0. 0. 0. 0. 0.
 0. 0. 0. 0. 0. 0. 0. 0. 0. 0. 0. 0. 0. 0. 0. 0. 0. 0. 0. 0. 0. 0. 0. 0.
 0. 0. 0. 0. 0. 0. 0. 0. 0. 0. 0. 0. 0. 0. 0. 0. 0. 0. 0. 0. 0. 0. 0. 0.
 0. 0. 0. 0. 0. 0. 0. 0. 0. 0. 0. 0. 0. 0. 0. 0. 0. 0. 0. 0. 0. 0. 0. 0.
 0. 0. 0. 0. 0. 0. 0. 0. 0. 0. 0. 0. 0. 0. 0. 0. 0. 0. 0. 0. 0. 0. 0. 0.
 0. 0. 0. 0. 0. 0. 0. 0. 0. 0. 0. 0. 0. 0. 0. 0. 0. 0. 0. 0. 0. 0. 0. 0.
 0.]
Lyman: [148070.4550562  153597.25696729 140808.21120594 124873.21998664
 118030.43958982 111542.97489255 109798.85424583 110150.85722974
 108830.10326401 100472.63864523  92990.60733768  84930.93947008
  77374.07191587  70675.07335413  64138.26248876  58605.74409477
  53687.98463171  49412.69700017  45481.30483869  41133.5217905
  37591.17928917  35530.1530319   34224.03137347  33374.88423763
  33619.84993882  33904.21970868  34331.42920992  34883.23772974
  35546.61140784  36395.61763519  37406.91306319  38508.24671458
  39741.13773988  41078.0423875   42316.73277371  43640.00082664
  44767.69601409  45797.5116655   46760.71700369  47339.32233276
  47873.61671365  47823.94850805  47475.25122293  47027.73036727
  46288.19661624  45529.51559383  44858.66941608  44224.33140008
  43549.92642404  42721.73229642  41905.20936346  40892.71738994
  39815.78982707  38803.24759923  37954.79743871  37150.52774586
  36621.74230562  36244.71883063  35993.20481559  36159.58941632
  35882.98692653  35443.47584715  35099.67513923  34759.30207892
  34625.43811266  34405.07788104  34235.1681426   34042.73569384
  33795.82908414  33582.2099976   33287.4207972   33088.30826249
  32860.15664109  32265.6688116   30670.25332863  29241.19611063
  27596.28804568  26160.79026907  25326.55569515  25950.52896998
  26061.88886641  25667.36330676  24649.78739841  23022.09979353
  21170.83968277  19008.36000661  16922.97724221  14978.32811472
  13180.44689027  11573.9498839   10163.81220994   8937.87497237
   7878.23564285   6967.30318181   6191.59559637   5526.41380303
   4956.96289831   4467.74340771   4046.51328381   3685.20529399
   3371.69134367   3100.91679096   2865.25710441   2659.45514424
   2482.09901862   2325.38292741   2186.32973432   2062.43746566
   1951.59777895   1852.02844048   1762.218559     1680.88231889
   1606.92123177   1539.39344609   1477.48785096   1420.50190182
   1368.53208986   1320.61477158   1276.34055164   1236.56092977
   1199.20908001   1164.00351767   1130.69163714   1099.04622899
   1068.86147264   1039.94898097   1012.14460727    985.27697978
    959.34382584    934.72721109    910.55124487    886.67270198
    862.93643259    839.16919862    815.17028679    790.69771243
    765.44729803    739.01934603    710.86190092    680.16638916
    645.65946001    605.15737115    554.56657049    485.63539301
    381.46085519]
Balmer: [823.77365915 868.95109196 833.86081747 772.24807569 743.84213117
 715.85168565 708.64286015 710.91466907 705.54986134 667.09698476
 631.35134136 591.2796624  552.23648862 516.37307673 480.08495149
 448.34637349 419.24318265 393.20110538 368.62462421 340.73164983
 317.2723123  304.67656298 297.20837399 292.612184   296.00434843
 298.47615954 300.9204834  303.33889039 305.748769   308.37417056
 311.63697958 315.05478641 319.10295077 323.81351726 328.18216489
 333.11058683 337.33152677 341.20323851 344.86348919 346.81667886
 348.49194181 347.17775241 344.2735496  340.81472939 335.90219413
 330.83459073 326.28128622 321.93339274 317.32361624 311.75078789
 306.24320892 299.453162   292.23073392 285.33803134 279.18156954
 273.34678847 269.02405449 265.63096978 263.07622637 263.03351758
 259.91306722 255.35393615 251.51404012 247.84521002 245.52189262
 242.81968583 240.50412486 238.14140197 235.55487054 233.27118449
 230.59007874 228.78913722 227.02250603 223.54974832 215.8705462
 208.92155611 201.50207403 195.21517332 191.96483535 197.47125276
 199.33397076 199.38301574 194.83572198 184.65528063 171.56427763
 155.73398506 139.89762582 124.81144905 110.68706213  97.89308427
  86.56401478  76.62941756  67.97215729  60.47010353  54.02680149
  48.46394644  43.66913313  39.52520713  35.93725611  32.83962045
  30.13977223  27.79386815  25.74218847  23.94179723  22.3762542
  20.98799353  19.75196633  18.6470316   17.65530614  16.76162059
  15.95307639  15.21866602  14.5489617   13.93586226  13.37237783
  12.85244414  12.37511646  11.9331412   11.52282285  11.14818833
  10.79592981  10.46356466  10.14886558   9.8498305    9.56464804
   9.29166349   9.0294069    8.77640243   8.53215023   8.29830299
   8.06955408   7.84467844   7.62236344   7.40115907   7.17940264
   6.95510805   6.72579937   6.48824445   6.23800248   5.96859138
   5.66982664   5.32426543   4.8992375    4.32894333   3.47877743]
tiempo_ejecución: 41.43362379074097
