xH2: [0.13734576 0.14276449 0.14876449 0.15303133 0.15684951 0.1599918 ]
nH2: [7.86657647e+17 7.93527138e+17 7.69723139e+17 6.64433465e+17
 5.35452445e+17 4.54071307e+17]
GammaxH2: [1.32890967e+21 5.49901055e+21 2.47848537e+22 3.40054286e+22
 3.10432109e+22 2.86911363e+22]
TH2: [  0.           0.           0.           0.           0.
 145.09036118]
qxH2_total: [  33142.37485403  135044.80415003  536933.70751039  651769.69348296
  663446.53448507 2050586.53970122]
nHP: [4.85850604e+16 6.30619048e+16 1.14226441e+17 1.61181617e+17
 1.33936152e+17 1.19367333e+17]
THP: [ 9.25226988  9.27316627 12.64960787 17.60306903 18.05338288 18.83075762]
SH: [1.19674601e+21 8.07896086e+21 4.19750032e+22 8.30742960e+22
 7.44262088e+22 7.59826265e+22]
SP: [4.90199830e+21 3.29214466e+22 2.18675281e+23 5.56623367e+23
 5.08188787e+23 5.35371658e+23]
xH: [0.13734576 0.1376182  0.1380182  0.1384182  0.1388182  0.1392182
 0.1396182  0.1400182  0.1404182  0.1408182  0.1412182  0.1416182
 0.1420182  0.1424182  0.1428182  0.1432182  0.1436182  0.1440182
 0.1444182  0.1448182  0.1452182  0.1456182  0.1460182  0.1464182
 0.1468182  0.1472182  0.1476182  0.1480182  0.1484182  0.1488182
 0.1492182  0.1496182  0.1500182  0.1504182  0.1508182  0.1512182
 0.1516182  0.1520182  0.1524182  0.1528182  0.1532182  0.1536182
 0.1540182  0.1544182  0.1548182  0.1552182  0.1556182  0.1560182
 0.1564182  0.1568182  0.1572182  0.1576182  0.1580182  0.1584182
 0.1588182  0.1592182  0.1596182  0.1600182  0.1604182  0.1608182
 0.1612182  0.1616182  0.1620182  0.1624182  0.1628182  0.1632182
 0.1636182  0.1640182  0.1644182  0.1648182  0.1652182  0.1656182
 0.1660182  0.1664182  0.1668182  0.1672182  0.1676182  0.1680182
 0.1684182  0.1688182  0.1692182  0.1696182  0.1700182  0.1704182
 0.1708182  0.1712182  0.1716182  0.1720182  0.1724182  0.1728182
 0.1732182  0.1736182  0.1740182  0.1744182  0.1748182  0.1752182
 0.1756182  0.1760182  0.1764182  0.1768182  0.1772182  0.1776182
 0.1780182  0.1784182  0.1788182  0.1792182  0.1796182  0.1800182
 0.1804182  0.1808182  0.1812182  0.1816182  0.1820182  0.1824182
 0.1828182  0.1832182  0.1836182  0.1840182  0.1844182  0.1848182
 0.1852182  0.1856182  0.1860182  0.1864182  0.1868182  0.1872182
 0.1876182  0.1880182  0.1884182  0.1888182  0.1892182  0.1896182
 0.1900182  0.1904182  0.1908182  0.1912182  0.1916182  0.1920182
 0.1924182  0.1928182  0.1932182  0.1936182  0.1940182  0.1944182
 0.1948182 ]
nH: [5.68418484e+16 5.68850381e+16 5.69715975e+16 5.70855748e+16
 5.72181917e+16 5.73622273e+16 5.75135594e+16 5.76662034e+16
 5.78196690e+16 5.79820392e+16 5.81598355e+16 5.83545232e+16
 5.85683366e+16 5.88020738e+16 5.90572041e+16 5.93347754e+16
 5.96345001e+16 5.99562108e+16 6.03004220e+16 6.06676945e+16
 6.10598058e+16 6.14802406e+16 6.19304105e+16 6.24097639e+16
 6.29217727e+16 6.34684175e+16 6.40464870e+16 6.46526786e+16
 6.52835908e+16 6.59393047e+16 6.66182945e+16 6.73135951e+16
 6.80173627e+16 6.87203503e+16 6.94105527e+16 7.00759361e+16
 7.07031940e+16 7.12777578e+16 7.17866233e+16 7.22148909e+16
 7.25491136e+16 7.27812828e+16 7.29089356e+16 7.29335715e+16
 7.28572787e+16 7.26820781e+16 7.24097007e+16 7.20416837e+16
 7.15789127e+16 7.10210758e+16 7.03664212e+16 6.96093638e+16
 6.87416891e+16 6.77552028e+16 6.66357365e+16 6.53687971e+16
 6.39377526e+16 6.22371052e+16 6.03774319e+16 5.85582099e+16
 5.67767347e+16 5.50355400e+16 5.33361878e+16 5.16813409e+16
 5.00758379e+16 4.85227445e+16 4.70241504e+16 4.55823553e+16
 4.41961234e+16 4.28623662e+16 4.15781349e+16 4.03352718e+16
 3.91241681e+16 3.79335192e+16 3.67183345e+16 3.54501217e+16
 3.41168601e+16 3.26984310e+16 3.12146932e+16 2.97265247e+16
 2.82784548e+16 2.68314336e+16 2.53363053e+16 2.38090176e+16
 2.23091563e+16 2.08765793e+16 1.95280066e+16 1.82806174e+16
 1.71338484e+16 1.60808749e+16 1.51142203e+16 1.42259464e+16
 1.34090563e+16 1.26572817e+16 1.19652573e+16 1.13279330e+16
 1.07404219e+16 1.01983457e+16 9.69766411e+15 9.23485615e+15
 8.80665457e+15 8.41002212e+15 8.04225810e+15 7.70080319e+15
 7.38353268e+15 7.08847263e+15 6.81356954e+15 6.55695678e+15
 6.31694265e+15 6.09199393e+15 5.88071966e+15 5.68185591e+15
 5.49425190e+15 5.31685717e+15 5.14870917e+15 4.98891941e+15
 4.83671440e+15 4.69140873e+15 4.55234799e+15 4.41902434e+15
 4.29097649e+15 4.16767865e+15 4.04863025e+15 3.93335845e+15
 3.82141509e+15 3.71237189e+15 3.60581597e+15 3.50134255e+15
 3.39855830e+15 3.29712984e+15 3.19672707e+15 3.09696024e+15
 2.99741206e+15 2.89763075e+15 2.79711632e+15 2.69530050e+15
 2.59151755e+15 2.48496024e+15 2.37460881e+15 2.25910493e+15
 2.13649549e+15 2.00361727e+15 1.85435737e+15 1.67403913e+15
 1.41940299e+15]
GammaxH: [-1.14576606e+21 -1.14508758e+21 -1.14378581e+21 -1.14211676e+21
 -1.14006751e+21 -1.13762800e+21 -1.13479290e+21 -1.13155450e+21
 -1.12791234e+21 -1.12387720e+21 -1.11945766e+21 -1.11465547e+21
 -1.10947321e+21 -1.10391159e+21 -1.09787786e+21 -1.09067174e+21
 -1.08168421e+21 -1.07091341e+21 -1.05836095e+21 -1.04403533e+21
 -1.02794313e+21 -1.01009823e+21 -9.90524041e+20 -9.69239061e+20
 -9.46287303e+20 -9.21714169e+20 -8.95544960e+20 -8.67808593e+20
 -8.38536311e+20 -8.07696598e+20 -7.74705945e+20 -7.39053073e+20
 -7.00783145e+20 -6.59932957e+20 -6.16517056e+20 -5.70550269e+20
 -5.22027932e+20 -4.70923236e+20 -4.17222303e+20 -3.60861686e+20
 -3.02673331e+20 -2.44495555e+20 -1.87243919e+20 -1.30867416e+20
 -7.52963442e+19 -2.04704115e+19  3.36293821e+19  8.70241400e+19
  1.39728408e+20  1.91747211e+20  2.43494993e+20  2.95409191e+20
  3.47513240e+20  3.99807041e+20  4.52248444e+20  5.04812975e+20
  5.57486475e+20  5.79853653e+20  5.71858887e+20  5.63791363e+20
  5.55622429e+20  5.47352408e+20  5.38971641e+20  5.30491433e+20
  5.21931575e+20  5.13309691e+20  5.04649812e+20  4.95977374e+20
  4.87305070e+20  4.78631197e+20  4.69956586e+20  4.61238424e+20
  4.52414001e+20  4.43430577e+20  4.34053759e+20  4.24151366e+20
  4.13722458e+20  4.02774144e+20  3.91474008e+20  3.79764023e+20
  3.67577130e+20  3.54897154e+20  3.41735557e+20  3.28407056e+20
  3.15119378e+20  3.02006198e+20  2.89173840e+20  2.76618324e+20
  2.64420132e+20  2.52741131e+20  2.41683238e+20  2.31251937e+20
  2.21444355e+20  2.12250802e+20  2.03661691e+20  1.95660224e+20
  1.88218861e+20  1.81308769e+20  1.74901264e+20  1.68965389e+20
  1.63471084e+20  1.58388438e+20  1.53686958e+20  1.49339184e+20
  1.45312762e+20  1.41578187e+20  1.38115234e+20  1.34905421e+20
  1.31931930e+20  1.29179514e+20  1.26634409e+20  1.24284245e+20
  1.22117958e+20  1.20125707e+20  1.18298808e+20  1.16629673e+20
  1.15108997e+20  1.13727109e+20  1.12476337e+20  1.11343931e+20
  1.10319388e+20  1.09399965e+20  1.08583579e+20  1.07868795e+20
  1.07254808e+20  1.06741434e+20  1.06329048e+20  1.06018618e+20
  1.05810891e+20  1.05703139e+20  1.05694126e+20  1.05787344e+20
  1.05986995e+20  1.06298089e+20  1.06726563e+20  1.07279439e+20
  1.07965045e+20  1.08793326e+20  1.09776290e+20  1.10928706e+20
  1.12269271e+20  1.13822859e+20  1.15625697e+20  1.17739678e+20
  1.20298479e+20]
TH: [ 27.02579146  27.02882118  27.03461413  27.04202995  27.05112875
  27.06195735  27.07453082  27.08889687  27.10504594  27.1228634
  27.14223364  27.1630932   27.18536063  27.20896052  27.23427064
  27.26475126  27.30371185  27.35295063  27.41661405  27.47994919
  27.53835092  27.60419485  27.67684173  27.75571971  27.840168
  27.92959982  28.02387699  28.12294064  28.22684373  28.33577255
  28.45049383  28.57202487  28.701184    28.83873972  28.98549923
  29.14232083  29.30996581  29.48917655  29.68083051  29.88545172
  30.10174889  30.32620076  30.55669156  30.79344497  31.03625456
  31.28509904  31.54055434  31.80311213  32.07357375  32.35322533
  32.64223414  32.94143949  33.25355624  33.5809568   33.92785914
  34.29824494  34.69623918  35.09911173  35.50891323  35.94685861
  36.41450458  36.91200591  37.43964648  37.99706319  38.58280362
  39.19560387  39.83416747  40.49681924  41.18331009  41.89452304
  42.63166614  43.39981503  44.20655925  45.06266608  46.00745496
  47.0752234   48.29248686  49.69579394  51.28312255  53.00872141
  54.8439454   56.86373627  59.16640058  61.75419679  64.54621507
  67.47846537  70.51736822  73.62002695  76.77908135  79.99280213
  83.25266606  86.55113961  89.87971682  93.22892162  96.58677738
  99.94105574 103.28083511 106.59490914 109.87240534 113.10179161
 116.27248804 119.37494094 122.39995201 125.33972971 128.18627655
 130.934258   133.58165235 136.12665132 138.56799204 140.90501523
 143.13764766 145.26635836 147.29210308 149.21625669 151.04051472
 152.76665844 154.39642072 155.93203844 157.37607421 158.73139313
 160.00260619 161.19516889 162.31399852 163.36389628 164.34964545
 165.27604369 166.14792088 166.9700819  167.74721705 168.48480867
 169.18975326 169.86947189 170.53172386 171.18516146 171.83976856
 172.5074271  173.20274572 173.94435385 174.7571087  175.67640792
 176.75826139 178.10710635 179.9604125  182.94070149 188.5336956 ]
qxH_total: [-33027.68760321 -33020.97464964 -33007.35647668 -32989.02424334
 -32966.96919057 -32942.07764295 -32914.89360012 -32886.26717113
 -32856.24568226 -32823.53454059 -32787.01052634 -32746.25467873
 -32700.67312831 -32649.8677603  -32592.89790364 -32526.17243612
 -32445.35535208 -32343.72882608 -32207.81036109 -32079.41912315
 -31969.75000275 -31839.61963611 -31688.90979554 -31517.32190618
 -31323.35666791 -31105.63276704 -30863.32157479 -30595.49471872
 -30301.02341996 -29977.39096601 -29622.18247982 -29233.33477548
 -28808.08725692 -28344.32058747 -27840.83513474 -27296.41404593
 -26710.73448429 -26084.23490413 -25416.6785024  -24709.79730369
 -23971.13762707 -23215.25235574 -22451.97744845 -21682.69274595
 -20909.75146473 -20135.07664122 -19359.35304686 -18583.59207759
 -17807.89325136 -17030.93574724 -16251.97692356 -15469.24775806
 -14679.74060938 -13882.06402656 -13072.76519634 -12249.28217466
 -11410.0480326  -10942.95773755 -10851.57314684 -10749.40105462
 -10636.04270748 -10511.87427681 -10377.69404747 -10233.97789376
 -10082.5203494   -9924.82888313  -9762.09435891  -9596.12518597
  -9427.57326921  -9256.85892283  -9084.34113777  -8908.74373886
  -8728.20107884  -8537.05681706  -8305.62505354  -8007.03759796
  -7613.18279908  -7080.78429481  -6403.26307125  -5666.23935747
  -4943.71404689  -4172.56137849  -3259.65375409  -2189.1951808
  -1051.0103115      82.14415382   1171.6841156    2163.81259217
   3053.51630732   3860.67779914   4600.65946202   5280.21381582
   5905.30731289   6481.22905511   7012.61170292   7503.59915691
   7957.60929657   8377.56873318   8766.33276466   9125.80585758
   9457.92300811   9764.50194262  10046.83153981  10306.54808946
  10543.87891018  10759.37031944  10955.13814551  11133.13008546
  11295.14927491  11442.87154449  11577.86033211  11701.57982978
  11815.40599493  11920.63675115  12018.50216986  12110.17536823
  12196.34079967  12277.45154116  12354.13103903  12426.07520968
  12493.21860393  12556.56988522  12617.08347726  12675.67098796
  12733.20893137  12790.54542278  12848.49847061  12907.86740848
  12969.32299286  13032.96104575  13099.00947206  13168.27192627
  13241.55026555  13319.65519429  13403.41610311  13493.69204776
  13591.38523633  13697.45839005  13812.95803506  13939.04777505
  14077.05916279  14228.57839044  14395.62844182  14581.21083183
  14791.62595696]
NetHSource: [8.39047767e+21 9.45846977e+21 1.11333191e+22 1.27475888e+22
 1.40471326e+22 1.53502566e+22 1.64723917e+22 1.75088333e+22
 1.86151803e+22 2.00406002e+22 2.14720968e+22 2.29941935e+22
 2.45646317e+22 2.61618642e+22 2.83171311e+22 3.35181906e+22
 3.87690010e+22 4.40487516e+22 4.94014298e+22 5.50491789e+22
 6.07201013e+22 6.65364478e+22 7.24438668e+22 7.84502867e+22
 8.47638796e+22 9.11374225e+22 9.76078246e+22 1.04157733e+23
 1.10837602e+23 1.18318901e+23 1.28715914e+23 1.39220085e+23
 1.49876664e+23 1.60585541e+23 1.71226067e+23 1.81921946e+23
 1.92357458e+23 2.02667971e+23 2.12869312e+23 2.22518259e+23
 2.27684598e+23 2.27259225e+23 2.26540004e+23 2.25652880e+23
 2.24273677e+23 2.22813363e+23 2.21162785e+23 2.19380151e+23
 2.17555687e+23 2.15825956e+23 2.16042803e+23 2.16712372e+23
 2.17447453e+23 2.18197147e+23 2.19417623e+23 2.20462787e+23
 2.21794253e+23 7.12077078e+22 7.17859024e+22 7.26501308e+22
 7.34392755e+22 7.41577639e+22 7.48089227e+22 7.53315119e+22
 7.55034972e+22 7.56439848e+22 7.54759590e+22 7.51704561e+22
 7.48682950e+22 7.45791288e+22 7.42883826e+22 7.46094541e+22
 7.51719084e+22 7.68814856e+22 8.38870785e+22 9.05575722e+22
 1.01220329e+23 1.13404291e+23 1.23183592e+23 1.24489510e+23
 1.25503142e+23 1.35802338e+23 1.49521381e+23 1.60119624e+23
 1.61673560e+23 1.62712705e+23 1.58911242e+23 1.53263442e+23
 1.47982796e+23 1.43099663e+23 1.38522865e+23 1.34208886e+23
 1.30152399e+23 1.26317934e+23 1.22598144e+23 1.19111736e+23
 1.15788052e+23 1.12646051e+23 1.09669134e+23 1.06751097e+23
 1.04011311e+23 1.01329742e+23 9.87602664e+22 9.62935273e+22
 9.37569416e+22 9.13683468e+22 8.91158450e+22 8.69883544e+22
 8.49756234e+22 8.30681773e+22 8.12572544e+22 7.95347346e+22
 7.78930716e+22 7.63252307e+22 7.48246208e+22 7.33849902e+22
 7.19421130e+22 7.05256748e+22 6.91255459e+22 6.76258490e+22
 6.61765668e+22 6.47730773e+22 6.34108675e+22 6.20855894e+22
 6.07930437e+22 5.95291425e+22 5.82887980e+22 5.70686287e+22
 5.58482397e+22 5.45670674e+22 5.32999443e+22 5.20427184e+22
 5.07909103e+22 4.95396505e+22 4.82835407e+22 4.70164389e+22
 4.57311646e+22 4.44190340e+22 4.30691234e+22 4.16669668e+22
 4.01919256e+22 3.86109161e+22 3.68606561e+22 3.47897886e+22
 3.19481424e+22]
Sion: [2.19701984e+20 3.00957977e+20 4.20653388e+20 5.28086091e+20
 5.77736119e+20 6.27735571e+20 6.44914096e+20 6.46625731e+20
 6.60924979e+20 7.32438029e+20 8.04554603e+20 8.92296043e+20
 9.87948467e+20 1.08760801e+21 1.20192721e+21 1.31769172e+21
 1.43986290e+21 1.56604894e+21 1.70614168e+21 1.90408283e+21
 2.10692402e+21 2.39315252e+21 2.73700492e+21 3.13980944e+21
 3.74255025e+21 4.40545303e+21 5.15260342e+21 5.97715255e+21
 6.90093739e+21 8.04883284e+21 9.29177271e+21 1.06746304e+22
 1.21796334e+22 1.37629378e+22 1.53359654e+22 1.69888808e+22
 1.85125641e+22 1.99887572e+22 2.14244553e+22 2.25245812e+22
 2.36219555e+22 2.43558263e+22 2.48975183e+22 2.53474548e+22
 2.54867459e+22 2.55908649e+22 2.56177677e+22 2.55901897e+22
 2.55428826e+22 2.55277946e+22 2.54747656e+22 2.55436039e+22
 2.56398331e+22 2.57617451e+22 2.61805004e+22 2.65198171e+22
 2.70853972e+22 2.76458003e+22 2.81463777e+22 2.88891020e+22
 2.95835985e+22 3.03126312e+22 3.10297979e+22 3.16781138e+22
 3.21932436e+22 3.26671821e+22 3.29861812e+22 3.32204924e+22
 3.34372217e+22 3.36679897e+22 3.38703235e+22 3.44438794e+22
 3.51491357e+22 3.63867565e+22 4.02099439e+22 4.38068911e+22
 4.92584641e+22 5.52755812e+22 6.02155222e+22 6.22314646e+22
 6.38143060e+22 6.95889140e+22 7.65505333e+22 8.16464136e+22
 8.27421112e+22 8.31903719e+22 8.14803925e+22 7.88326978e+22
 7.61149856e+22 7.32896499e+22 7.05524898e+22 6.79026748e+22
 6.53564550e+22 6.29090671e+22 6.05164649e+22 5.82518970e+22
 5.60909378e+22 5.40428561e+22 5.21018917e+22 5.02292542e+22
 4.84686151e+22 4.67763233e+22 4.51698766e+22 4.36438662e+22
 4.21386593e+22 4.07261946e+22 3.93990396e+22 3.81502138e+22
 3.69732131e+22 3.58619934e+22 3.48109379e+22 3.38148309e+22
 3.28688260e+22 3.19684093e+22 3.11093602e+22 3.02876975e+22
 2.94822319e+22 2.87006576e+22 2.79385349e+22 2.71606819e+22
 2.64108468e+22 2.56862392e+22 2.49841685e+22 2.43020662e+22
 2.36374730e+22 2.29880146e+22 2.23510769e+22 2.17245496e+22
 2.11016583e+22 2.04650036e+22 1.98344486e+22 1.92076833e+22
 1.85822199e+22 1.79553518e+22 1.73240716e+22 1.66849479e+22
 1.60339479e+22 1.53661672e+22 1.46753948e+22 1.39533400e+22
 1.31880577e+22 1.23601656e+22 1.14321448e+22 1.03138122e+22
 8.73924025e+21]
QH_total: [  72473.05912179   84624.93493603  105698.26197049  125462.68477826
  136261.80846949  147232.23069173  152847.01002157  155907.24804827
  161065.96042127  175872.57093765  191009.23205824  209122.78727748
  228987.46664414  249968.47073907  275909.74734084  315990.15831086
  364142.14708054  438593.97931103  555459.65621479  425429.05469609
  490155.53702284  558245.74830126  626781.08970482  698875.50863776
  780614.29088028  864890.38711339  953057.33415458 1044630.20945887
 1141590.90965151 1252972.27445443 1369193.59941233 1495030.73960634
 1629647.06084195 1769579.83394112 1910832.24705367 2057755.67172997
 2199046.14395258 2339774.17488254 2480489.31768093 2604734.22167142
 2701033.76525386 2745920.72727944 2782424.063838   2815028.50224128
 2831387.58334811 2847120.28581606 2857373.65348834 2864644.16852441
 2872902.13062916 2888315.97418744 2901220.97154298 2929155.89464027
 2963122.91380799 3000731.64971513 3061571.98331974 3119140.05815371
 3192959.95944184 1316781.18421541 1366013.42422463 1422511.15456082
 1479735.28557285 1534677.51055863 1588674.68351612 1640349.99500385
 1679957.71302538 1719808.14917756 1749108.06413913 1773610.86163153
 1798120.73888906 1821762.15840811 1845575.61830001 1888328.6806672
 1939762.9322382  2038827.59764612 2361333.59915867 2694372.53437645
 3236493.95296494 3901758.34034147 4482271.41426189 4562394.66270071
 4641979.30815747 5223058.65258322 6040736.65922108 6738137.57592468
 6899274.77668568 7057361.51484497 6911076.87941044 6649373.79443107
 6421420.7728881  6243511.595932   6080879.9047142  5930984.05644459
 5792718.4636115  5664082.65022878 5540332.26614443 5425318.67366542
 5314700.96335245 5209850.60657095 5109934.21297207 5008186.96429151
 4912615.07356187 4815307.62995489 4720225.65595261 4627062.86730284
 4524017.53030368 4426461.77676797 4333980.6844023  4246198.13791797
 4162772.46720536 4083392.25556501 4007775.48350655 3935664.18926398
 3866820.91607819 3801027.86502862 3738085.14754737 3677807.91723981
 3615798.06121052 3554368.36072201 3492979.95604585 3423365.43334692
 3356461.43799036 3292109.04799208 3230159.81163611 3170475.26671547
 3112926.15970238 3057391.54318628 3003679.35062496 2951728.49160245
 2900228.19806602 2844850.49713226 2791252.2192786  2739335.84848364
 2689008.5727514  2640181.34367226 2592768.16726269 2546684.491471
 2501847.16759216 2458172.05296294 2415571.88366422 2373952.39606773
 2333204.78673156 2293186.6762337  2253663.93906119 2214097.27873101
 2172757.98895666]
SideWallH: [0. 0. 0. 0. 0. 0. 0. 0. 0. 0. 0. 0. 0. 0. 0. 0. 0. 0. 0. 0. 0. 0. 0. 0.
 0. 0. 0. 0. 0. 0. 0. 0. 0. 0. 0. 0. 0. 0. 0. 0. 0. 0. 0. 0. 0. 0. 0. 0.
 0. 0. 0. 0. 0. 0. 0. 0. 0. 0. 0. 0. 0. 0. 0. 0. 0. 0. 0. 0. 0. 0. 0. 0.
 0. 0. 0. 0. 0. 0. 0. 0. 0. 0. 0. 0. 0. 0. 0. 0. 0. 0. 0. 0. 0. 0. 0. 0.
 0. 0. 0. 0. 0. 0. 0. 0. 0. 0. 0. 0. 0. 0. 0. 0. 0. 0. 0. 0. 0. 0. 0. 0.
 0. 0. 0. 0. 0. 0. 0. 0. 0. 0. 0. 0. 0. 0. 0. 0. 0. 0. 0. 0. 0. 0. 0. 0.
 0.]
Lyman: [35756.65995598 37076.11206709 33972.91130986 30112.21162578
 28446.04555804 26867.10075016 26431.90681447 26502.05782872
 26170.50500663 24148.25516503 22338.28369402 20391.49078518
 18567.47796535 16951.41519644 15376.37670911 14044.18241766
 12861.24526184 11834.01658287 10890.87721633  9848.9926775
  9000.6333814   8507.97846214  8197.08441041  7996.70078777
  8059.69760831  8133.78970354  8243.90510191  8385.97722042
  8557.56922513  8777.50406063  9041.34388882  9332.83848216
  9663.32554436 10027.81649477 10378.72074544 10761.54905205
 11106.40952425 11435.17699744 11752.90018485 11977.81051418
 12195.64572709 12266.87662286 12259.48464579 12222.13637577
 12101.72275563 11966.83714425 11844.47726216 11720.17635277
 11572.48483336 11370.02254325 11155.82768375 10874.00846207
 10558.7155658  10243.21242443  9952.38704528  9652.76463421
  9401.70982937  9150.23753699  8905.57733924  8765.45789847
  8631.18591492  8577.03104409  8555.62919312  8545.080955
  8595.62973805  8635.69071636  8699.09750948  8767.43937455
  8832.12341543  8915.77646147  8988.02396604  9097.20346951
  9211.23763762  9235.8836336   8989.33381079  8804.63691622
  8572.52095451  8426.90663829  8500.80540939  9103.26948209
  9579.91171043  9927.71176042 10092.38240324 10032.99337853
  9848.02898308  9447.12332171  8980.66388387  8470.08720161
  7921.76402704  7372.17692196  6839.8011781   6334.30147504
  5860.60925479  5422.23737975  5023.99847387  4659.70249488
  4328.67922825  4027.57577859  3753.95242     3507.59460581
  3283.10890367  3080.61111219  2896.76013261  2729.70095738
  2580.85525707  2444.48062115  2319.32193819  2204.25257787
  2098.2636138   2000.45181162  1910.008931    1826.21046778
  1748.405891    1676.01040753  1608.49703766  1545.38867363
  1487.02602701  1432.54171621  1381.63596864  1335.34763575
  1291.51075584  1249.88518527  1210.24734322  1172.38984851
  1136.11958981  1101.25545667  1067.63727858  1035.09382264
  1003.62982379   973.64917514   944.23507975   915.24426754
   886.52717838   857.92549211   829.26771852   800.36292636
   770.99175194   740.89296281   709.7419534    677.1128483
   642.40187333   604.64418126   561.99707547   510.07225003
   435.97989526]
Balmer: [198.92874942 209.75301846 201.18842722 186.22511072 179.27457071
 172.43044621 170.59692242 171.04967341 169.66976783 160.34103384
 151.67163619 141.97289457 132.53205399 123.86612998 115.11157095
 107.46114135 100.45572954  94.19682502  88.30261255  81.62380398
  76.01257556  73.01163331  71.2477066   70.1817266   71.04137034
  71.69525605  72.35796326  73.03154237  73.72524091  74.50091433
  75.46598802  76.51190972  77.76064056  79.22980007  80.68512941
  82.35120144  83.90629282  85.42315948  86.91634805  87.99694239
  89.02974422  89.30966092  89.16477341  88.84311866  88.09029785
  87.22962328  86.42756442  85.59582344  84.6026177   83.25423504
  81.81532079  79.92505914  77.80117317  75.63784928  73.53503428
  71.3668075   69.4263669   67.44135038  65.49285798  64.18534241
  62.96214663  62.25340424  61.78215111  61.4179583   61.44748505
  61.45390494  61.62227962  61.84461098  62.07456284  62.44759629
  62.77903336  63.42371905  64.16477776  64.53406589  63.88798828
  63.59509541  63.3979383   63.81944219  65.46757759  70.27157544
  74.23668096  78.13910379  80.87490366  81.61460945  80.88208569
  78.40610035  75.13515827  71.35529012  67.19706791  62.93669419
  58.75548697  54.73598666  50.9265395   47.36245051  44.08657925
  41.06283322  38.29033405  35.7488639   33.42291021  31.31120048
  29.37671346  27.61884077  26.01382899  24.54755881  23.22760776
  22.01420658  20.89716537  19.86724634  18.91610527  18.03621484
  17.22079509  16.46373195  15.75950567  15.10313097  14.49009705
  13.91630524  13.38285839  12.88339252  12.41516075  11.98368699
  11.5749927   11.18694907  10.817575    10.46503434  10.12761967
   9.80373313   9.49193221   9.19073679   8.89969115   8.62060057
   8.34785115   8.08020962   7.81640127   7.55508998   7.29484286
   7.03407979   6.77100237   6.50348649   6.22891132   5.94385753
   5.64349629   5.32012621   4.95904354   4.52521878   3.91576622]
tiempo_ejecución: 270.70079016685486
