xH2: [0.13734576 0.13756112 0.14356112 0.14953912 0.15279775 0.15569446
 0.15839936 0.16059036]
nH2: [4.96672089e+18 4.96363498e+18 4.75515005e+18 3.59221792e+18
 2.23366781e+18 1.10893260e+18 5.37839529e+17 2.78617017e+17]
GammaxH2: [1.13362974e+22 1.13432758e+22 1.20839575e+22 1.51628336e+22
 1.21340555e+22 6.08017307e+21 2.99615485e+21 1.59309841e+21]
TH2: [0.         0.         0.         0.         0.         0.
 0.         0.87625189]
qxH2_total: [2079.68966324 2080.55614056 2171.13339311 2181.56736893 1328.90564551
  723.12488617  408.72970004  733.37904595]
nHP: [3.06751527e+17 3.26919804e+17 3.82002044e+17 6.07262247e+17
 5.35926215e+17 2.77384419e+17 1.35137728e+17 7.52841745e+16]
THP: [ 9.25226988  9.25810015  9.27395191 13.72331495 17.44652267 18.05338288
 18.12104035 19.28788762]
SH: [7.55589603e+21 1.04003565e+22 5.80929675e+22 2.43011507e+23
 2.73609986e+23 1.51745889e+23 7.87541929e+22 4.96624353e+22]
SP: [3.09497498e+22 4.25395021e+22 2.36680474e+23 1.34838506e+24
 1.82104116e+24 1.03613445e+24 5.39244679e+23 3.56206659e+23]
xH: [0.13734576 0.1376182  0.1380182  0.1384182  0.1388182  0.1392182
 0.1396182  0.1400182  0.1404182  0.1408182  0.1412182  0.1416182
 0.1420182  0.1424182  0.1428182  0.1432182  0.1436182  0.1440182
 0.1444182  0.1448182  0.1452182  0.1456182  0.1460182  0.1464182
 0.1468182  0.1472182  0.1476182  0.1480182  0.1484182  0.1488182
 0.1492182  0.1496182  0.1500182  0.1504182  0.1508182  0.1512182
 0.1516182  0.1520182  0.1524182  0.1528182  0.1532182  0.1536182
 0.1540182  0.1544182  0.1548182  0.1552182  0.1556182  0.1560182
 0.1564182  0.1568182  0.1572182  0.1576182  0.1580182  0.1584182
 0.1588182  0.1592182  0.1596182  0.1600182  0.1604182  0.1608182
 0.1612182  0.1616182  0.1620182  0.1624182  0.1628182  0.1632182
 0.1636182  0.1640182  0.1644182  0.1648182  0.1652182  0.1656182
 0.1660182  0.1664182  0.1668182  0.1672182  0.1676182  0.1680182
 0.1684182  0.1688182  0.1692182  0.1696182  0.1700182  0.1704182
 0.1708182  0.1712182  0.1716182  0.1720182  0.1724182  0.1728182
 0.1732182  0.1736182  0.1740182  0.1744182  0.1748182  0.1752182
 0.1756182  0.1760182  0.1764182  0.1768182  0.1772182  0.1776182
 0.1780182  0.1784182  0.1788182  0.1792182  0.1796182  0.1800182
 0.1804182  0.1808182  0.1812182  0.1816182  0.1820182  0.1824182
 0.1828182  0.1832182  0.1836182  0.1840182  0.1844182  0.1848182
 0.1852182  0.1856182  0.1860182  0.1864182  0.1868182  0.1872182
 0.1876182  0.1880182  0.1884182  0.1888182  0.1892182  0.1896182
 0.1900182  0.1904182  0.1908182  0.1912182  0.1916182  0.1920182
 0.1924182  0.1928182  0.1932182  0.1936182  0.1940182  0.1944182
 0.1948182 ]
nH: [2.37654523e+17 2.37891788e+17 2.38315268e+17 2.38866620e+17
 2.39504013e+17 2.40192991e+17 2.40913804e+17 2.41638049e+17
 2.42363167e+17 2.43126516e+17 2.43957884e+17 2.44863204e+17
 2.45851784e+17 2.46926082e+17 2.48091414e+17 2.49351171e+17
 2.50704191e+17 2.52152096e+17 2.53696957e+17 2.55358339e+17
 2.57148730e+17 2.59069677e+17 2.61128140e+17 2.63321338e+17
 2.65664371e+17 2.68163617e+17 2.70798310e+17 2.73544930e+17
 2.76376604e+17 2.79279009e+17 2.82226483e+17 2.85176445e+17
 2.88103522e+17 2.90980512e+17 2.93763222e+17 2.96408529e+17
 2.98869660e+17 3.01075979e+17 3.02939977e+17 3.04391837e+17
 3.05391502e+17 3.05935691e+17 3.06052462e+17 3.05775873e+17
 3.05147997e+17 3.04213509e+17 3.03014594e+17 3.01589134e+17
 2.99963752e+17 2.98160026e+17 2.96201710e+17 2.94108492e+17
 2.91899028e+17 2.89597064e+17 2.87205544e+17 2.84725006e+17
 2.82160203e+17 2.79513112e+17 2.76805047e+17 2.70642642e+17
 2.61037271e+17 2.51416910e+17 2.41803287e+17 2.32228541e+17
 2.22740943e+17 2.13381547e+17 2.04188726e+17 1.95203400e+17
 1.86444801e+17 1.77919033e+17 1.69631826e+17 1.61551700e+17
 1.53635015e+17 1.45826577e+17 1.37846601e+17 1.29531229e+17
 1.20839008e+17 1.11692931e+17 1.02296513e+17 9.30999668e+16
 8.44186193e+16 7.60543047e+16 6.77806173e+16 5.97672151e+16
 5.23723192e+16 4.57824111e+16 4.00156488e+16 3.50660718e+16
 3.08425821e+16 2.72395730e+16 2.41636593e+16 2.15320303e+16
 1.92756235e+16 1.73366331e+16 1.56672950e+16 1.42270360e+16
 1.29810173e+16 1.19000980e+16 1.09596408e+16 1.01391612e+16
 9.42125721e+15 8.79110148e+15 8.23625482e+15 7.74602358e+15
 7.31160674e+15 6.92545699e+15 6.58081862e+15 6.27196083e+15
 5.99400966e+15 5.74280745e+15 5.51479637e+15 5.30692196e+15
 5.11655279e+15 4.94141332e+15 4.77952693e+15 4.62916603e+15
 4.48886062e+15 4.35734968e+15 4.23350950e+15 4.11644395e+15
 4.00538440e+15 3.89957421e+15 3.79833133e+15 3.70104014e+15
 3.60714082e+15 3.51611851e+15 3.42749309e+15 3.34080723e+15
 3.25562470e+15 3.17156987e+15 3.08827725e+15 3.00532601e+15
 2.92225153e+15 2.83852544e+15 2.75352459e+15 2.66648520e+15
 2.57643310e+15 2.48207236e+15 2.38159534e+15 2.27233282e+15
 2.15005517e+15 2.00747541e+15 1.83089378e+15 1.59266129e+15
 1.23617290e+15]
GammaxH: [-2.94450421e+21 -2.93978279e+21 -2.93042473e+21 -2.91870765e+21
 -2.90457395e+21 -2.88797694e+21 -2.86889055e+21 -2.84727619e+21
 -2.82313155e+21 -2.79651218e+21 -2.76746382e+21 -2.73599872e+21
 -2.70213472e+21 -2.66588030e+21 -2.62724894e+21 -2.58625196e+21
 -2.54236938e+21 -2.49192680e+21 -2.43177698e+21 -2.36196829e+21
 -2.28254681e+21 -2.19358766e+21 -2.09521065e+21 -1.98751506e+21
 -1.87071777e+21 -1.74503783e+21 -1.61060002e+21 -1.46754138e+21
 -1.31600367e+21 -1.15624493e+21 -9.88524067e+20 -8.13712190e+20
 -6.35465752e+20 -4.56711435e+20 -2.77502279e+20 -9.78919836e+19
  8.21622178e+19  2.62808134e+20  4.44124687e+20  6.26007342e+20
  8.00510182e+20  9.60130661e+20  1.10532805e+21  1.23633414e+21
  1.35346972e+21  1.45700422e+21  1.54701105e+21  1.62552598e+21
  1.69499732e+21  1.75585183e+21  1.80806571e+21  1.85153898e+21
  1.88611288e+21  1.91179228e+21  1.93043589e+21  1.94386457e+21
  1.95183572e+21  1.95397869e+21  1.95013123e+21  1.92168417e+21
  1.87124967e+21  1.82000522e+21  1.76800478e+21  1.71540229e+21
  1.66244663e+21  1.60936296e+21  1.55639154e+21  1.50379545e+21
  1.45172392e+21  1.40024177e+21  1.34941937e+21  1.29906753e+21
  1.24889610e+21  1.19856777e+21  1.14626827e+21  1.09088411e+21
  1.03207326e+21  9.69278951e+20  9.03743689e+20  8.37970069e+20
  7.73808425e+20  7.10155626e+20  6.45709212e+20  5.81968498e+20
  5.21625048e+20  4.66282135e+20  4.16439627e+20  3.72264316e+20
  3.33381460e+20  2.99340917e+20  2.69669295e+20  2.43836136e+20
  2.21370227e+20  2.01853976e+20  1.84927242e+20  1.70267593e+20
  1.57580808e+20  1.46610352e+20  1.37132567e+20  1.28951015e+20
  1.21894306e+20  1.15811938e+20  1.10571396e+20  1.06058599e+20
  1.02167886e+20  9.88077444e+19  9.59060496e+19  9.34012256e+19
  9.12407085e+19  8.93796429e+19  8.77797856e+19  8.64085792e+19
  8.52383634e+19  8.42457090e+19  8.34108604e+19  8.27172685e+19
  8.21481522e+19  8.16877469e+19  8.13236829e+19  8.10390379e+19
  8.08202257e+19  8.06628171e+19  8.05635592e+19  8.05202551e+19
  8.05316617e+19  8.05974080e+19  8.07178763e+19  8.08941993e+19
  8.11273698e+19  8.14148454e+19  8.17557810e+19  8.21543811e+19
  8.26156618e+19  8.31456049e+19  8.37513727e+19  8.44416152e+19
  8.52269191e+19  8.61204796e+19  8.71391401e+19  8.83050955e+19
  8.96488837e+19  9.12150775e+19  9.30739427e+19  9.53464902e+19
  9.82572272e+19]
TH: [  9.88954918   9.89215045   9.89748553   9.90420519   9.91235873
   9.92197539   9.93304326   9.94557932   9.9595231    9.97467406
   9.9908364   10.00788363  10.02566886  10.04406498  10.06292985
  10.08212657  10.10181244  10.12367721  10.14883288  10.17648604
  10.20579111  10.23581864  10.26550612  10.29384867  10.31957161
  10.34146378  10.35864229  10.37027302  10.37557714  10.37358236
  10.3634606   10.34446496  10.31518906  10.27485002  10.2236384
  10.16166598  10.08910678  10.00674127   9.91567903   9.81650455
   9.71040403   9.59965526   9.48589026   9.37031476   9.25412669
   9.13834629   9.02375482   8.91071328   8.79909847   8.68896847
   8.58056749   8.47398574   8.36923977   8.26647927   8.16497622
   8.06383986   7.96267304   7.86090667   7.75807217   7.74223895
   7.82245143   7.91669223   8.02611263   8.15176574   8.29446354
   8.45503134   8.6342122    8.8325733    9.05103494   9.29088901
   9.55356638   9.84209231  10.16084943  10.51609232  10.92815788
  11.41892662  12.0108525   12.73723944  13.61758544  14.64602312
  15.81788437  17.19626533  18.88368999  20.93524819  23.33836254
  26.0724235   29.13102854  32.48061179  36.11232458  40.02326602
  44.20168532  48.63336081  53.29819117  58.17025469  63.21570204
  68.3961337   73.67211696  79.00162023  84.34220083  89.65016129
  94.88401376 100.00586392 104.98063319 109.77872055 114.37304485
 118.74352006 122.87906383 126.77222949 130.41924933 133.81971509
 136.97614582 139.89352466 142.57884124 145.04065445 147.28866216
 149.33314839 151.1844806  152.85351636 154.3512242  155.68830097
 156.87665231 157.92841647 158.85449307 159.66509404 160.36989043
 160.97809972 161.49858405 161.9398818  162.31020517 162.61854604
 162.87538914 163.09213951 163.28175238 163.46025665 163.64859282
 163.87540716 164.1815922  164.62808879 165.31024251 166.38648829
 168.14107478 171.13408527 176.59126035 187.49071297 211.50300716]
qxH_total: [-34388.19869931 -34380.64666627 -34364.60703186 -34345.13520548
 -34321.11880786 -34291.71869234 -34256.50295276 -34214.86757738
 -34166.77495519 -34113.04281763 -34054.3017214  -33990.63321214
 -33922.16768776 -33848.88260324 -33770.78089197 -33687.81684154
 -33598.32976942 -33491.2168947  -33356.41790709 -33193.00966784
 -32999.99857608 -32776.52577567 -32521.96001006 -32235.53915704
 -31916.97813085 -31565.98520926 -31181.86029343 -30763.9350026
 -30311.42223157 -29823.64410416 -29299.98162076 -28741.43249677
 -28156.37323945 -27551.60120298 -26926.49258939 -26280.39370882
 -25612.53953746 -24921.95841802 -24207.74765081 -23470.61000861
 -22746.61260618 -22070.04518243 -21439.93687125 -20855.79544916
 -20317.25901704 -19824.11844442 -19376.59368561 -18967.92614885
 -18589.4283465  -18238.8715379  -17915.65556605 -17618.96690695
 -17347.61943077 -17100.45692217 -16867.15510852 -16637.93503357
 -16412.20216471 -16189.12315025 -15968.07661126 -15823.77109382
 -15747.65756203 -15656.79582444 -15551.93847096 -15433.50204218
 -15303.21542961 -15162.57759066 -15012.81901246 -14855.8179682
 -14692.35178655 -14522.9848073  -14348.21528145 -14166.87445667
 -13977.14089921 -13773.25921973 -13524.78383758 -13203.84455288
 -12781.0243651  -12211.23234963 -11486.78872662 -10694.13635714
  -9908.40704482  -9064.14594736  -8064.37552087  -6892.10714548
  -5639.71921581  -4382.69300566  -3161.94825351  -2034.40265056
  -1006.84554387    -60.50436017    819.01566786   1637.68944117
   2400.80713935   3113.07490546   3778.56981387   4400.98235373
   4983.39769345   5528.46347292   6038.82497686   6516.18568611
   6962.33971633   7379.01404816   7767.42291581   8129.183971
   8464.46982331   8773.82060947   9059.44893845   9323.4073981
   9567.61006471   9793.84797159  10003.80250666  10199.05729551
  10381.10817467  10551.37254093  10711.19884642  10861.87698314
  11004.19015767  11138.68327531  11266.07986491  11386.14557828
  11498.89618886  11605.45843537  11706.89887341  11804.23553684
  11898.44582076  11990.47332367  12081.22607916  12171.58830488
  12262.30795451  12353.54089383  12445.57599595  12539.28784051
  12635.54375406  12735.21459507  12839.18462852  12948.36244797
  13063.69429712  13186.18112748  13316.90129376  13457.04281617
  13607.9523506   13771.21782532  13948.84139617  14143.76063782
  14362.14052394]
NetHSource: [4.10795927e+22 4.76397758e+22 5.62978619e+22 6.47379769e+22
 7.20817187e+22 7.94376815e+22 8.61667828e+22 9.25988056e+22
 9.92723903e+22 1.07049832e+23 1.14846658e+23 1.22953338e+23
 1.31222837e+23 1.39580303e+23 1.48233184e+23 1.56925966e+23
 1.68366523e+23 1.95604005e+23 2.23113557e+23 2.51635907e+23
 2.80233331e+23 3.09342372e+23 3.38771870e+23 3.68536381e+23
 3.99420205e+23 4.30516343e+23 4.61959930e+23 4.93699008e+23
 5.25925424e+23 5.59484394e+23 5.93326441e+23 6.24431022e+23
 6.42243252e+23 6.60204821e+23 6.77875867e+23 6.95710880e+23
 7.12576337e+23 7.28942864e+23 7.44819174e+23 7.56522441e+23
 7.29076778e+23 6.99632854e+23 6.69074045e+23 6.37879928e+23
 6.04917950e+23 5.71861451e+23 5.38309381e+23 5.14098356e+23
 4.92693176e+23 4.71193525e+23 4.49525350e+23 4.28901603e+23
 4.08591354e+23 3.89163794e+23 3.82125905e+23 3.74940203e+23
 3.69339304e+23 3.64377619e+23 3.59552825e+23 2.59973205e+23
 2.60479848e+23 2.60538005e+23 2.60080076e+23 2.58870413e+23
 2.56304739e+23 2.53342986e+23 2.49192588e+23 2.44427480e+23
 2.39510931e+23 2.34535068e+23 2.29415326e+23 2.26040887e+23
 2.23164360e+23 2.23072607e+23 2.36188530e+23 2.46712311e+23
 2.65019065e+23 2.83813918e+23 2.94354646e+23 2.86561432e+23
 2.77513210e+23 2.85968018e+23 2.97794939e+23 3.00842647e+23
 2.87720251e+23 2.74095530e+23 2.54351639e+23 2.33777280e+23
 2.15518053e+23 1.99316354e+23 1.85057435e+23 1.72470741e+23
 1.61366041e+23 1.51535745e+23 1.42711767e+23 1.34921448e+23
 1.27972700e+23 1.21791093e+23 1.16271703e+23 1.11233899e+23
 1.06740731e+23 1.02615245e+23 9.88667670e+22 9.54457000e+22
 9.21475869e+22 8.91595245e+22 8.64429036e+22 8.39643027e+22
 8.16947460e+22 7.96090413e+22 7.76852191e+22 7.59040495e+22
 7.42486330e+22 7.27040539e+22 7.12570751e+22 6.98958403e+22
 6.85533907e+22 6.72541336e+22 6.59847036e+22 6.46299080e+22
 6.33322015e+22 6.20852225e+22 6.08830763e+22 5.97203143e+22
 5.85918660e+22 5.74929579e+22 5.64179849e+22 5.53631138e+22
 5.43079084e+22 5.31923772e+22 5.20893307e+22 5.09943230e+22
 4.99024181e+22 4.88080010e+22 4.77044684e+22 4.65837622e+22
 4.54356675e+22 4.42466740e+22 4.29980790e+22 4.16624207e+22
 4.01964711e+22 3.85261617e+22 3.65126363e+22 3.38747281e+22
 3.00263110e+22]
Sion: [9.18569184e+20 1.25859864e+21 1.75961583e+21 2.20970254e+21
 2.41828892e+21 2.62851865e+21 2.70142745e+21 2.70954859e+21
 2.77040450e+21 3.07121151e+21 3.37479356e+21 3.74419078e+21
 4.14710247e+21 4.56716518e+21 5.04913541e+21 5.53752790e+21
 6.05320178e+21 6.58618209e+21 7.17810819e+21 8.01453615e+21
 8.87315034e+21 1.00844311e+22 1.15405178e+22 1.32475877e+22
 1.58015615e+22 1.86137021e+22 2.17859927e+22 2.52892813e+22
 2.92149623e+22 3.40899873e+22 3.93643270e+22 4.52234521e+22
 5.15896992e+22 5.82759933e+22 6.49057300e+22 7.18598914e+22
 7.82545092e+22 8.44321541e+22 9.04113289e+22 9.49430036e+22
 9.94353220e+22 1.02379572e+23 1.04513208e+23 1.06269856e+23
 1.06746087e+23 1.07111506e+23 1.07203281e+23 1.07128578e+23
 1.07041845e+23 1.07170552e+23 1.07233948e+23 1.07925003e+23
 1.08874868e+23 1.10110006e+23 1.12840125e+23 1.15511611e+23
 1.19529087e+23 1.24160076e+23 1.29039264e+23 1.33518817e+23
 1.36013842e+23 1.38476120e+23 1.40675729e+23 1.42344645e+23
 1.43197872e+23 1.43655803e+23 1.43232919e+23 1.42264545e+23
 1.41057534e+23 1.39753744e+23 1.38185247e+23 1.37955368e+23
 1.38025630e+23 1.39880408e+23 1.50954670e+23 1.60066035e+23
 1.74469277e+23 1.88813087e+23 1.97337770e+23 1.94901602e+23
 1.90502474e+23 1.97251348e+23 2.04790807e+23 2.04955066e+23
 1.94242947e+23 1.82436775e+23 1.66964854e+23 1.51217706e+23
 1.37014326e+23 1.24146154e+23 1.12794857e+23 1.02775760e+23
 9.39504161e+22 8.61663221e+22 7.92401944e+22 7.31600223e+22
 6.77922566e+22 6.30607452e+22 5.88820164e+22 5.51478546e+22
 5.18511639e+22 4.88958768e+22 4.62594721e+22 4.39001503e+22
 4.17281698e+22 3.97896026e+22 3.80531719e+22 3.64920274e+22
 3.50830788e+22 3.38064229e+22 3.26448539e+22 3.15834599e+22
 3.06092779e+22 2.97109962e+22 2.88786995e+22 2.81036370e+22
 2.73618864e+22 2.66569826e+22 2.59817687e+22 2.53009298e+22
 2.46530351e+22 2.40338578e+22 2.34395695e+22 2.28666986e+22
 2.23120733e+22 2.17727604e+22 2.12457214e+22 2.07284867e+22
 2.02141832e+22 1.96856635e+22 1.91615596e+22 1.86393579e+22
 1.81162681e+22 1.75891021e+22 1.70540842e+22 1.65065701e+22
 1.59406191e+22 1.53483095e+22 1.47185725e+22 1.40350420e+22
 1.32717582e+22 1.23839662e+22 1.12874914e+22 9.81244056e+21
 7.61109570e+21]
QH_total: [  97062.44518249  114636.17901069  133565.89062811  152813.83546224
  170811.11501013  188924.89414629  206069.67277055  222726.96324507
  239788.34900415  258803.68596584  278046.23184683  298136.15565486
  318876.29499322  340148.70883216  362554.70840439  385490.50360304
  416819.35241866  495837.08436262  578630.59491818  667978.34827188
  760585.45553134  857069.44201047  957021.92728412 1060539.96600407
 1169358.28535938 1281189.08940136 1396317.95839535 1514673.94239741
 1637401.39627047 1767919.2534495  1901601.98558059 2031585.86416536
 2128915.11360755 2227753.73039836 2326699.58610363 2427276.852981
 2525028.94482101 2622053.04238792 2718530.73148312 2798612.30957271
 2703321.96943191 2600997.05701116 2494914.18962137 2386603.499913
 2271082.19648373 2154923.19703389 2035550.0734172  1949427.00993313
 1873087.00090805 1800154.83997724 1727169.01815289 1662565.70892074
 1601965.65375418 1546482.8672455  1547808.22379739 1549111.637693
 1559569.69718973 1574509.9115703  1590839.16242294 1237649.80964798
 1298697.94656432 1357319.23907647 1414853.62667419 1470055.92470788
 1513582.12396793 1557075.23194775 1590278.44298827 1618592.25160924
 1646566.11712247 1673318.36439979 1699966.60171501 1744169.95337201
 1796432.5977662  1894260.69356007 2206864.34374723 2531006.10148185
 3058567.014122   3707865.08101439 4276354.27112503 4355063.0103994
 4433476.35629605 5000354.7729284  5799534.11031119 6482907.79029
 6641106.97710237 6797036.7533355  6654386.91132826 6398608.5616831
 6176355.35089282 6004180.32525161 5846923.35228167 5702117.33792419
 5568646.96020845 5444563.2175631  5325309.69379469 5214502.95245276
 5107896.35411533 5006854.89314758 4910518.46798925 4812295.46258671
 4720022.10268271 4625951.76144753 4533972.14710658 4443790.71947367
 4343849.97797384 4249216.41440458 4159491.24043867 4074313.89640972
 3993357.46789323 3916324.48117482 3842946.14877054 3772977.05609122
 3706191.66383203 3642383.57230361 3581363.89093171 3522958.59073546
 3462870.13399991 3403367.60733677 3343929.77718614 3276473.38910737
 3211700.1731684  3149458.24119256 3089606.36094544 3032013.22275363
 2976556.64369073 2923122.721603   2871528.24822241 2821718.42419577
 2772417.11907353 2719397.51223276 2668192.56030525 2618711.93605861
 2570870.94867354 2524589.62687609 2479792.22469392 2436406.11842905
 2394362.27152137 2353593.57891384 2314034.85739368 2275620.32426862
 2238282.05290239 2201944.52983321 2166514.14002464 2131855.6846725
 2097755.73927791]
SideWallH: [0. 0. 0. 0. 0. 0. 0. 0. 0. 0. 0. 0. 0. 0. 0. 0. 0. 0. 0. 0. 0. 0. 0. 0.
 0. 0. 0. 0. 0. 0. 0. 0. 0. 0. 0. 0. 0. 0. 0. 0. 0. 0. 0. 0. 0. 0. 0. 0.
 0. 0. 0. 0. 0. 0. 0. 0. 0. 0. 0. 0. 0. 0. 0. 0. 0. 0. 0. 0. 0. 0. 0. 0.
 0. 0. 0. 0. 0. 0. 0. 0. 0. 0. 0. 0. 0. 0. 0. 0. 0. 0. 0. 0. 0. 0. 0. 0.
 0. 0. 0. 0. 0. 0. 0. 0. 0. 0. 0. 0. 0. 0. 0. 0. 0. 0. 0. 0. 0. 0. 0. 0.
 0. 0. 0. 0. 0. 0. 0. 0. 0. 0. 0. 0. 0. 0. 0. 0. 0. 0. 0. 0. 0. 0. 0. 0.
 0.]
Lyman: [149497.75186083 155051.22888074 142110.23137514 125999.86360517
 119068.92456987 112499.9761544  110717.69690412 111050.54019356
 109698.34558196 101255.9403218   93699.25361986  85563.93134211
  77938.78265468  71181.53067648  64591.51309056  59016.81582727
  54065.15923581  49764.86979916  45815.20800233  41449.52833825
  37898.08418883  35842.85479565  34552.8816414   33728.68567994
  34016.60209232  34352.63921731  34841.33792302  35464.54544468
  36210.47444678  37156.83253001  38282.47204943  39516.32067449
  40906.99728219  42434.50391196  43897.7740836   45490.13512567
  46917.17811947  48269.82048727  49563.815266    50452.96422659
  51301.3753218   51527.38841755  51424.97250559  51203.8046291
  50647.31406908  50048.81716595  49526.64692897  49024.75917051
  48456.45276501  47692.75503669  46917.98901822  45901.20474593
  44791.14196655  43734.79783947  42846.61084414  41992.44885742
  41434.8847558   41035.24776136  40764.36884494  40444.21746961
  39612.45441787  39109.59561836  38713.11727794  38321.12046567
  38157.42958011  37898.94541498  37696.57651732  37469.89969481
  37183.72349359  36934.57329102  36596.48449643  36363.77507575
  36099.15936068  35431.99827074  33665.31809097  32081.20787621
  30259.78466631  28667.30922279  27732.90090403  28394.01542268
  28491.30063016  28031.80531981  26887.88789974  25076.08275867
  23021.47101753  20631.2312295   18329.87965392  16187.33934701
  14210.24181702  12446.45428441  10900.69496895   9559.00752157
   8401.24511019   7407.63289733   6562.83720789   5839.71042719
   5221.7660673    4691.90146324   4236.57974429   3846.75655779
   3509.23423492   3218.3040194    2965.65137511   2745.49638664
   2556.09142344   2389.1314046    2241.34930846   2110.00300956
   1992.78470793   1887.74608503   1793.23761286   1707.85744764
   1630.40975141   1559.87080254   1495.36047657   1436.11792044
   1382.19819997   1332.58980535   1286.84761367   1245.80275093
   1207.34663189   1171.17587249   1137.01916275   1104.63328393
   1073.79868202   1044.31516306   1016.00845532    988.69837339
    962.37561479    937.41732398    912.93927602    888.79327361
    864.8198338     840.84193264    816.6555397     792.01575566
    766.61583655    740.05382558    711.77579109    680.97146515
    646.36610332    605.77485173    555.10295767    486.09541266
    381.83506935]
Balmer: [831.71426112 877.1766847  841.57130467 779.21548819 750.38674129
 721.99339741 714.57302282 716.72117608 711.17865442 672.29771836
 636.1625524  595.68638632 556.26684619 520.07327184 483.47744548
 451.4909734  422.18827534 396.00325737 371.3305869  343.34891076
 319.86211228 307.35739949 300.06338522 295.71312371 299.49628952
 302.42227069 305.38798365 308.39146698 311.45596836 314.82022292
 318.92686094 323.29696285 328.45772809 334.49841221 340.43411836
 347.22130417 353.51430117 359.60615996 365.51748161 369.60620151
 373.41975459 374.03595335 372.88597695 371.04700063 367.50069026
 363.63663047 360.19493689 356.83728208 353.03165456 347.98044073
 342.82955603 336.08044434 328.6958488  321.54761501 315.10649399
 308.91226811 304.31762381 300.67253766 297.87819125 294.13472147
 286.86622365 281.70389361 277.34225049 273.17573615 270.49899685
 267.40963861 264.75151695 262.04608771 259.09836894 256.4874604
 253.44239242 251.36621084 249.3278226  245.41256796 236.86585516
 229.11716997 220.83788155 213.78673369 210.05591984 215.91999147
 217.77307091 217.59651928 212.35641092 200.94922547 186.38562459
 168.85919082 151.36965767 134.74179696 119.2036007  105.15183062
  92.72874303  81.85251672  72.39072533  64.20566554  57.18733011
  51.13928224  45.93613944  41.448333    37.57073785  34.22984185
  31.32458165  28.80570226  26.60785611  24.68376998  23.01412476
  21.53728644  20.22574119  19.05629812  18.00936573  17.06834792
  16.21915214  15.44976931  14.74992968  14.1108228   13.52486009
  12.98547084  12.49134108  12.03480834  11.61186614  11.22635197
  10.86461399  10.52397767  10.20205191   9.89669453   9.60597404
   9.32813255   9.06161165   8.80485869   8.55731183   8.32057876
   8.08928408   7.86215948   7.63785473   7.41488702   7.19156499
   6.96587741   6.73532627   6.49666003   6.24542098   5.97511254
   5.67553828   5.32924582   4.90355473   4.33263818   3.48177689]
tiempo_ejecución: 344.72562885284424
