    1   24   29    1    1     /HYDROGEN           /SUMMERS ET AL 1996
--------------------------------------------------------------------------------
   7.69897   8.00000   8.30103   8.69897   9.00000   9.30103   9.69897  10.00000
  10.30103  10.69897  11.00000  11.30103  11.69897  12.00000  12.30103  12.69897
  13.00000  13.30103  13.69897  14.00000  14.30103  14.69897  15.00000  15.30103
  -0.69897  -0.52288  -0.30103  -0.15490   0.00000   0.17609   0.30103   0.47712
   0.69897   0.84510   1.00000   1.17609   1.30103   1.47712   1.69897   1.84510
   2.00000   2.17609   2.30103   2.47712   2.69897   2.84510   3.00000   3.17609
   3.30103   3.47712   3.69897   3.84510   4.00000
---------------------/ IPRT= 1  / IGRD= 1  /--------/ Z1= 1   / DATE= 09/01/13  
 -37.63030 -37.61195 -37.59068 -37.55754 -37.52815 -37.49457 -37.44354 -37.39940
 -37.34953 -37.27276 -37.20452 -37.12531 -36.99950 -36.88485 -36.74898 -36.52609
 -36.31962 -36.08273 -35.73103 -35.44171 -35.13830 -34.72835 -34.42190 -34.12573
 -27.80357 -27.78800 -27.76998 -27.74198 -27.71724 -27.68924 -27.64715 -27.61107
 -27.57065 -27.50907 -27.45492 -27.39263 -27.29458 -27.20563 -27.10005 -26.92666
 -26.76609 -26.58040 -26.29680 -26.05541 -25.79665 -25.43789 -25.15947 -24.88017
 -19.94656 -19.93376 -19.91894 -19.89591 -19.87560 -19.85277 -19.81868 -19.78966
 -19.75734 -19.70859 -19.66617 -19.61783 -19.54276 -19.47570 -19.39765 -19.27352
 -19.16183 -19.03344 -18.83340 -18.65951 -18.47074 -18.19841 -17.97108 -17.72835
 -16.58151 -16.57016 -16.55702 -16.53656 -16.51852 -16.49827 -16.46810 -16.44244
 -16.41392 -16.37099 -16.33370 -16.29128 -16.22560 -16.16735 -16.10039 -15.99626
 -15.90475 -15.80061 -15.63880 -15.49910 -15.34699 -15.11963 -14.92126 -14.70616
 -14.05938 -14.04931 -14.03764 -14.01942 -14.00335 -13.98530 -13.95842 -13.93555
 -13.91014 -13.87185 -13.83855 -13.80060 -13.74188 -13.69015 -13.63140 -13.54198
 -13.46515 -13.37858 -13.24575 -13.13291 -13.00923 -12.81763 -12.64697 -12.46581
 -12.03632 -12.02866 -12.01973 -12.00566 -11.99315 -11.97903 -11.95783 -11.93966
 -11.91934 -11.88847 -11.86137 -11.83026 -11.78189 -11.73929 -11.69112 -11.61844
 -11.55642 -11.48661 -11.38064 -11.29156 -11.19248 -11.03468 -10.89533 -10.75502
 -10.97805 -10.97220 -10.96534 -10.95443 -10.94466 -10.93355 -10.91675 -10.90224
 -10.88589 -10.86086 -10.83870 -10.81311 -10.77309 -10.73772 -10.69755 -10.63669
 -10.58442 -10.52524 -10.43558 -10.36016 -10.27508 -10.13817 -10.01962  -9.90538
  -9.90884  -9.90460  -9.89959  -9.89157  -9.88431  -9.87599  -9.86329  -9.85222
  -9.83967  -9.82030  -9.80303  -9.78301  -9.75161  -9.72376  -9.69194  -9.64325
  -9.60085  -9.55244  -9.47914  -9.41712  -9.34595  -9.23159  -9.13668  -9.05086
  -9.00770  -9.00484  -9.00145  -8.99595  -8.99092  -8.98510  -8.97611  -8.96820
  -8.95915  -8.94506  -8.93244  -8.91777  -8.89476  -8.87427  -8.85061  -8.81367
  -8.78069  -8.74238  -8.68381  -8.63329  -8.57415  -8.48050  -8.40716  -8.34532
  -8.59466  -8.59242  -8.58975  -8.58541  -8.58142  -8.57676  -8.56952  -8.56310
  -8.55573  -8.54420  -8.53386  -8.52187  -8.50310  -8.48639  -8.46697  -8.43618
  -8.40815  -8.37515  -8.32398  -8.27901  -8.22571  -8.14218  -8.07888  -8.02732
  -8.26495  -8.26319  -8.26110  -8.25766  -8.25448  -8.25074  -8.24489  -8.23967
  -8.23364  -8.22419  -8.21572  -8.20594  -8.19073  -8.17721  -8.16143  -8.13601
  -8.11240  -8.08415  -8.03948  -7.99930  -7.95106  -7.87607  -7.82065  -7.77665
  -7.99032  -7.98895  -7.98730  -7.98460  -7.98207  -7.97909  -7.97437  -7.97014
  -7.96523  -7.95751  -7.95061  -7.94269  -7.93048  -7.91971  -7.90709  -7.88649
  -7.86695  -7.84310  -7.80441  -7.76864  -7.72507  -7.65754  -7.60845  -7.57013
  -7.84538  -7.84420  -7.84279  -7.84047  -7.83828  -7.83569  -7.83157  -7.82785
  -7.82353  -7.81671  -7.81063  -7.80368  -7.79305  -7.78372  -7.77280  -7.75485
  -7.73762  -7.71629  -7.68105  -7.64787  -7.60707  -7.54374  -7.49793  -7.46238
  -7.69534  -7.69436  -7.69319  -7.69126  -7.68943  -7.68724  -7.68374  -7.68056
  -7.67685  -7.67099  -7.66576  -7.65982  -7.65080  -7.64295  -7.63378  -7.61861
  -7.60385  -7.58530  -7.55393  -7.52377  -7.48623  -7.42762  -7.38513  -7.35216
  -7.57649  -7.57568  -7.57471  -7.57311  -7.57158  -7.56974  -7.56677  -7.56405
  -7.56087  -7.55581  -7.55128  -7.54615  -7.53839  -7.53166  -7.52383  -7.51083
  -7.49801  -7.48164  -7.45324  -7.42532  -7.39013  -7.33453  -7.29374  -7.26183
  -7.53141  -7.53068  -7.52981  -7.52835  -7.52697  -7.52529  -7.52256  -7.52006
  -7.51711  -7.51242  -7.50822  -7.50343  -7.49620  -7.48994  -7.48269  -7.47063
  -7.45871  -7.44336  -7.41636  -7.38952  -7.35544  -7.30099  -7.26052  -7.22851
  -7.50616  -7.50548  -7.50468  -7.50336  -7.50209  -7.50054  -7.49802  -7.49569
  -7.49295  -7.48856  -7.48460  -7.48009  -7.47325  -7.46735  -7.46052  -7.44920
  -7.43800  -7.42349  -7.39768  -7.37175  -7.33861  -7.28496  -7.24435  -7.21173
  -7.49976  -7.49914  -7.49841  -7.49720  -7.49604  -7.49461  -7.49227  -7.49011
  -7.48754  -7.48342  -7.47969  -7.47541  -7.46890  -7.46326  -7.45678  -7.44607
  -7.43547  -7.42171  -7.39697  -7.37189  -7.33963  -7.28655  -7.24537  -7.21154
  -7.50662  -7.50603  -7.50534  -7.50419  -7.50310  -7.50175  -7.49952  -7.49745
  -7.49500  -7.49105  -7.48745  -7.48330  -7.47697  -7.47148  -7.46517  -7.45479
  -7.44454  -7.43121  -7.40711  -7.38256  -7.35086  -7.29809  -7.25633  -7.22140
  -7.52857  -7.52802  -7.52737  -7.52631  -7.52529  -7.52404  -7.52195  -7.52001
  -7.51769  -7.51395  -7.51052  -7.50654  -7.50041  -7.49507  -7.48894  -7.47892
  -7.46907  -7.45628  -7.43305  -7.40927  -7.37849  -7.32642  -7.28396  -7.24738
  -7.57205  -7.57154  -7.57095  -7.56998  -7.56905  -7.56790  -7.56597  -7.56416
  -7.56200  -7.55850  -7.55527  -7.55147  -7.54556  -7.54036  -7.53439  -7.52472
  -7.51528  -7.50310  -7.48095  -7.45823  -7.42881  -7.37820  -7.33527  -7.29667
  -7.60820  -7.60772  -7.60715  -7.60623  -7.60535  -7.60426  -7.60243  -7.60070
  -7.59863  -7.59527  -7.59216  -7.58848  -7.58271  -7.57759  -7.57171  -7.56224
  -7.55305  -7.54122  -7.51974  -7.49766  -7.46907  -7.41946  -7.37627  -7.33627
  -7.65189  -7.65142  -7.65088  -7.65001  -7.64917  -7.64814  -7.64640  -7.64476
  -7.64278  -7.63956  -7.63656  -7.63301  -7.62737  -7.62234  -7.61655  -7.60726
  -7.59830  -7.58682  -7.56601  -7.54458  -7.51683  -7.46829  -7.42495  -7.38348
  -7.70708  -7.70664  -7.70612  -7.70530  -7.70451  -7.70354  -7.70189  -7.70033
  -7.69844  -7.69536  -7.69249  -7.68906  -7.68359  -7.67866  -7.67295  -7.66384
  -7.65511  -7.64400  -7.62391  -7.60318  -7.57633  -7.52907  -7.48571  -7.44267
  -7.74911  -7.74868  -7.74818  -7.74738  -7.74662  -7.74569  -7.74411  -7.74260
  -7.74077  -7.73778  -7.73499  -7.73165  -7.72629  -7.72143  -7.71579  -7.70679
  -7.69822  -7.68735  -7.66775  -7.64750  -7.62127  -7.57494  -7.53171  -7.48766
  -7.81151  -7.81110  -7.81062  -7.80986  -7.80914  -7.80826  -7.80676  -7.80531
  -7.80356  -7.80070  -7.79802  -7.79480  -7.78959  -7.78484  -7.77929  -7.77044
  -7.76208  -7.75154  -7.73263  -7.71306  -7.68767  -7.64272  -7.59989  -7.55465
  -7.89448  -7.89410  -7.89364  -7.89292  -7.89224  -7.89141  -7.89001  -7.88865
  -7.88699  -7.88426  -7.88171  -7.87864  -7.87363  -7.86902  -7.86359  -7.85493
  -7.84682  -7.83667  -7.81859  -7.79988  -7.77556  -7.73240  -7.69041  -7.64413
  -7.95121  -7.95084  -7.95040  -7.94970  -7.94905  -7.94825  -7.94690  -7.94559
  -7.94400  -7.94136  -7.93888  -7.93591  -7.93103  -7.92651  -7.92117  -7.91264
  -7.90468  -7.89478  -7.87723  -7.85910  -7.83548  -7.79353  -7.75228  -7.70563
  -8.01229  -8.01193  -8.01151  -8.01083  -8.01021  -8.00944  -8.00815  -8.00690
  -8.00536  -8.00281  -8.00043  -7.99754  -7.99281  -7.98840  -7.98318  -7.97479
  -7.96700  -7.95736  -7.94038  -7.92288  -7.90003  -7.85940  -7.81912  -7.77240
--------------------------------------------------------------------------------
C
C
C     RATE COEFFICIENTS IN UNITS OF CM**3 S-1 
C     --------------------------------------- 
C
C  Producer : Martin O'Mullane
C  Date     : 09-01-2013
C  Code     : v2bndl & tcmprss3
C
C-------------------------------------------------------------------------------

C-----------------------------------------------------------------------
C                               OPEN-ADAS
C                               +++++++++
C
C This file has been downloaded from OPEN-ADAS (http://open.adas.ac.uk)
C on 26-Feb-2026.
C
C TERMS AND CONDITIONS
C --------------------
C
C The user of the OPEN-ADAS system and data (hereinafter "the User")
C accepts the following terms and conditions:
C
C   1. The University of Strathclyde uses all reasonable endeavours to
C      ensure the accuracy of the data provided and any information
C      given, but the University makes no warranty, expressed or implied
C      as to its accuracy, integrity, fitness for purpose and shall not
C      be responsible for the use to which the data is put by the User
C      and/or any consequences arising out of any inaccuracies or
C      omissions.
C
C   2. Any downloaded OPEN-ADAS file is made available for the
C      personal use of the User only.  It must not be used for any
C      commercial application, incorporated into any web site or in
C      any form re-distributed without express prior written permission
C      from the ADAS Project. In particular, but not by way of
C      limitation, it must not be:
C        *  inserted into a managed database structure,
C        *  redistributed along with a modelling or analysis code,
C        *  made available on a public website.
C
C Permission for OPEN-ADAS data incorporation in non-commercial
C code/system development for scientific advance will not be
C unreasonably withheld, but will be subject to written agreement
C on a case by case basis.
C
C The User will indemnify the University of Strathclyde and keep it
C fully and effectively indemnified against each and every claim made
C against the University as a result of the User's use of the data.
C
C-----------------------------------------------------------------------
